0
0
0
0
0
0
0
0
0
0
0
0
0
0
2.1949e-06
-2.967e-07
2.5843e-06
-3.0253e-06
3.6575e-06
-2.4535e-06
6.1572e-06
-8.341e-06
3.783e-05
6.7423e-05
6.0803e-05
3.4826e-05
-1.8564e-05
4.6919e-05
5.7025e-05
6.5107e-05
1.8612e-05
-3.4545e-06
-2.529e-07
2.856e-05
0.00010968
9.7884e-05
-1.9449e-05
-0.00013302
-0.00024662
-0.00014812
4.1581e-05
5.4398e-05
5.6648e-05
4.0236e-05
-9.7564e-05
-0.00022232
-0.00010364
-3.7575e-05
0.00020993
0.00010804
-0.00027878
-0.00032959
0.00012122
0.00035921
5.7408e-05
-0.00062343
-0.00086339
-0.00027092
0.00011919
0.0001255
-0.00027972
-0.00074016
-0.00082842
-0.00023763
0.00037636
0.00030006
-0.00020269
-0.00058859
-0.00016825
0.00053014
0.00057203
0.00022534
8.6937e-05
0.0002343
0.00047255
0.00067488
0.00063789
0.00084548
0.0012629
0.0011456
0.00055815
5.764e-05
0.00014294
0.00066582
0.00054826
-3.9459e-05
-0.0001346
0.00046191
0.00077584
0.00080749
0.00062385
7.7871e-05
-0.00011149
0.0002602
0.00055848
0.00047185
0.00014926
3.4741e-05
0.00048922
0.00043749
0.00010155
-0.00016626
-6.222e-05
0.00038446
0.00082864
0.0012938
0.0011424
0.00053374
0.00014263
-0.00018788
-0.00022106
-0.00019719
-0.00011224
-4.939e-05
-0.00010332
-0.00032022
-0.00039528
-0.00011002
2.9348e-05
-0.00013486
-9.6031e-05
-1.067e-05
-0.00025636
0.00060376
0.0014459
0.0013358
0.00046753
0.00011039
0.00024594
0.00037616
0.00096507
0.00079228
0.00030584
-0.00037597
-0.00025264
0.00021593
0.00017848
-0.00065889
-0.0020489
-0.0024142
-0.00086274
0.0011701
0.0013195
-0.00043697
-0.0016978
-0.00087335
0.00023136
0.0017624
0.0010126
-0.00019424
-0.00044509
-0.00017706
0.0010542
0.0013884
0.00062255
-0.0008951
-0.00097063
-0.00088445
-0.00039125
0.00020833
-0.00028364
-0.0014131
-0.00098707
-0.0008732
-0.00087724
-0.00019413
-0.00024031
-0.00052093
-0.0014303
-0.00069387
0.0010195
0.0016255
0.00056807
-0.0012882
-0.0022735
-0.0014613
-0.00074235
-0.00082137
-0.0023098
-0.0037514
-0.0020394
0.00066513
0.0016607
-0.00033458
-0.0022235
-0.0015676
0.00054075
0.0013811
0.00021688
-0.00059523
-0.00054959
0.00035245
0.0011244
0.00082548
-0.00026907
-0.00048413
0.0012976
0.0035714
0.0032454
0.00074298
-0.0013182
-0.0015793
-0.00028128
0.00042052
-0.00055608
-0.0013176
-0.0009985
-0.00094423
-0.0015182
-0.0019078
-0.00083089
0.00017485
0.00016545
-0.00080805
-0.0010864
-0.00010775
-0.00027028
-0.00054418
0.00045547
0.0013469
-6.7028e-05
-0.001783
-0.0009869
0.0012462
0.0010268
-0.00079413
-0.00052009
0.00015011
0.00032139
-0.0013096
-0.0031391
-0.0016154
0.00057637
0.00091517
-0.00049436
-0.0012433
-0.00033454
0.00061914
0.00021012
-0.00079426
-0.001618
-0.0012315
0.00029423
0.0008695
-0.00011975
-0.0012469
-0.0008288
-0.00037204
-0.0004936
-0.0014072
-0.0027645
-0.0036841
-0.0028236
-0.0016822
-0.002464
-0.0024225
-0.0008792
-0.00063788
-0.0017322
-0.0014726
-0.00042193
-0.00024059
-0.001033
-0.0011404
-0.00038393
0.0013718
0.0030106
0.0027121
0.0008252
-0.0005163
8.2032e-06
0.0010508
0.00061396
-0.00098923
-0.0016559
-0.00073636
0.00096872
0.0012462
-0.00033205
-0.001873
-0.0026017
-0.0016727
0.00066676
0.0016961
0.0010022
0.00039196
-0.00055982
-0.000848
0.00011235
0.00055245
0.00053668
0.00084477
0.00045882
1.8148e-05
-0.00010376
0.00049893
0.0014206
0.00057321
-0.00045521
-0.0011537
-0.0012005
-0.00069669
9.8524e-05
-0.00013438
-0.00060815
-0.00085001
-0.00085241
1.9256e-05
0.00033785
-0.00039437
-0.0019479
-0.0013727
0.0013772
0.0032543
0.0014831
-0.0016914
-0.0026461
-0.0013108
-0.00066265
-0.0014311
-0.0024404
-0.0017391
-0.00031792
0.00034054
0.00033339
6.0204e-05
0.00025489
-0.0003524
-0.00035253
0.00053752
0.00037672
-0.0012609
-0.0023065
-0.0011328
0.0011996
0.0019315
0.00032393
-0.0018081
-0.002613
-0.0013108
-0.00048086
-0.00086872
-0.0012031
-0.0014658
-0.0014511
-0.0011385
-0.00062692
-0.00011687
0.00062679
0.001066
0.0016956
0.0014501
0.00071051
0.0003424
0.001575
0.0030939
0.00241
0.0012778
0.00049897
0.00044396
0.0013825
0.0024628
0.0016837
-0.00024785
-0.0018998
-0.0026106
-0.0015632
-0.0004644
0.0008835
0.001978
0.00047794
-0.0010709
-0.0013411
-0.00020921
0.0013455
0.0012239
0.00011963
-0.00050339
-0.00017712
0.00020728
-0.00072296
-0.0013653
-0.00033159
0.00040916
0.0002443
-0.00083998
-0.0013026
-0.00061901
-0.00038822
-0.00055481
-6.8312e-05
0.00047687
0.00069446
-0.0001393
-0.0018902
-0.0016301
0.0004796
0.0027712
0.0028035
0.0012439
5.4867e-05
0.0003226
0.0025445
0.0026415
0.0004975
-0.00096339
-8.7458e-05
0.0022152
0.0022322
-0.00027204
-0.0010841
0.00074127
0.0022956
0.0023533
0.0018468
0.0016347
0.0011791
0.0005643
0.00103
0.0025903
0.0036935
0.0027174
0.00098622
0.00067035
0.0010061
0.0014445
0.0008256
9.1801e-05
6.3161e-05
3.4428e-05
0.0008376
0.0010733
-2.4282e-05
-0.001274
-0.0013495
6.4879e-05
0.0014461
0.0011348
-0.00082993
-0.0018256
-0.0010741
0.00065804
0.0020474
0.0014247
0.00032473
0.00066307
0.0013636
0.00055372
-0.0013354
-0.0023603
-0.0016789
-0.001291
-0.001213
-0.0014549
-0.001506
0.00011418
0.0015788
0.00094036
-0.0018769
-0.0022821
0.00093225
0.0029496
0.0020056
0.00043949
2.9936e-05
0.00077292
0.0019487
0.0024886
0.0016964
0.00075209
0.0002675
0.00047812
0.0014411
0.0014278
0.00030313
-0.0011105
-0.0007926
-0.00016128
-0.00063535
-0.00090357
-0.00071141
-0.00099064
-0.0013719
-0.0011707
-0.00052617
0.00085645
0.0017908
0.00084795
-0.00039661
0.00031385
0.0011378
0.0005934
-0.0003823
-0.0007697
-0.00020392
8.112e-06
-0.00054962
-0.0010611
-0.00083347
4.1808e-05
0.00018791
0.00016577
-0.00057084
-0.00103
-0.00042752
1.2725e-05
0.00030671
-0.00023736
-0.00011692
-0.00010211
-7.224e-05
0.00017499
-0.00064791
-0.00086022
0.00021854
0.00090189
0.00012382
-0.00085532
-0.0014256
-0.00091591
-0.00032649
1.4767e-05
-0.00115
-0.0015355
0.0004728
0.0011909
-0.00049524
-0.0017936
-0.00026963
0.0028805
0.0033904
0.00073671
-0.0019338
-0.0020997
0.00051407
0.0017901
0.00015447
-0.0018804
-0.0016455
-0.00018256
0.00086492
0.00038663
-0.0014324
-0.0023574
-0.0011955
-0.00044407
-0.0019497
-0.003584
-0.0032036
-0.0011136
0.00066799
0.00077346
-0.0001916
-0.00058966
-0.00022997
0.00079043
0.0015122
0.0013241
0.00096134
0.00036458
-0.00046798
-0.00082175
0.00047943
0.0015925
0.00074261
-0.001002
-0.0019874
-0.00094595
-6.9005e-05
3.6432e-05
-0.00013197
-0.00077091
-0.00046062
0.0006232
0.0013844
0.0010563
0.0002136
0.00025129
0.00036444
-0.00073397
-0.00096506
-0.00031803
0.00095251
0.00087712
-0.0004371
-0.0013974
-0.0011243
0.00036443
0.0016079
0.0012594
-0.00050534
-0.0012248
-0.0010189
0.00072894
0.0017333
0.00030263
-0.001236
-0.001132
-7.2252e-05
-0.00036616
-0.00087554
-0.00040332
0.00078074
0.001984
0.00086237
-0.0012333
-0.0016206
-0.000739
-0.00021745
-0.0006288
-0.0011621
-0.0011005
0.00024426
0.0021368
0.0024708
0.0021177
0.0010227
-0.00039974
-0.0015778
-0.001184
0.00090374
0.0021055
0.0014283
0.00016443
-2.0225e-05
0.0003055
0.0014414
0.0018277
0.0011354
0.00033128
0.0010596
0.0019564
0.0020446
0.0022097
0.0011559
0.0011627
0.0012123
0.0009061
0.0012608
0.0012937
0.0004111
-0.00094788
-0.0008818
-0.00017816
0.0012944
0.0020365
0.00030532
-0.0016642
-0.0024611
-0.001426
-0.00016304
-0.00010268
0.00047399
0.00067172
0.00032371
-0.00053785
-0.00066983
0.00011179
0.0013795
0.0024896
0.0013783
2.1087e-05
5.5328e-05
0.00096913
0.0010678
0.00050759
-0.00030157
-0.00056589
-0.00036212
0.00035781
0.0010878
0.00015646
-0.00099341
-0.0010273
0.00014526
0.0018666
0.0020797
0.00062942
-0.00035673
9.478e-05
0.00034616
0.0007355
0.0012384
0.0010908
-0.00043003
-0.0016514
-0.00072375
0.00078599
0.001064
0.00012372
0.0004163
0.0013712
0.0020179
0.00063923
-0.0013563
-0.0016019
-0.00011937
0.0014145
0.0006236
-0.00079815
-0.0010963
-0.00086249
-0.0013245
-0.0012945
-0.0011305
-0.0007787
-0.00033905
-0.00077893
-0.0011689
-0.0015465
-0.0016045
-0.00068711
-0.0002498
-0.00048212
-0.0012626
-0.0021678
-0.001479
-0.00065255
-0.00055685
-0.0011593
-0.0015007
-0.0014467
-0.0010853
-0.00028415
9.3589e-05
-0.0016008
-0.0026128
-0.0013482
0.0002483
0.00077051
-0.0011017
-0.0021864
-0.0016679
-0.00053055
-0.00055841
-0.00089808
-0.00068353
-0.00034544
-1.4275e-06
-0.00046263
-0.00034143
-6.0629e-05
-0.00010425
-0.00040491
-0.0010639
-0.0022866
-0.0021873
-0.00067625
0.00069885
0.00054145
-0.0011706
-0.0022766
-0.0010598
0.0005426
0.00034496
-0.00082081
-0.0024072
-0.0023538
-0.00047807
0.00061306
0.00013906
-0.00054832
-0.0012153
-0.0015528
-0.0015499
-0.0013644
-0.0013257
-0.0016054
-0.0011717
-0.00075627
-0.00095469
-0.0015916
-0.0012172
0.000294
0.00088152
0.00032097
-0.00021858
-0.00015264
0.00031797
0.00091538
0.00049978
-0.00094126
-0.0016745
-0.0010437
0.00064017
0.0016603
0.0019562
0.001506
0.00038515
0.00014182
0.00054415
0.0016761
0.0024512
0.0017873
0.00026268
-0.00066891
-0.00043414
0.0014938
0.0026832
0.0014587
0.00030156
-0.00041143
0.00050601
0.0024022
0.0023401
0.00043389
-0.00051342
-0.00020459
0.00086625
0.00060223
-0.00025965
-0.00074618
-0.000424
0.00071731
0.00072368
0.000932
0.0013475
0.0010019
-0.00065171
-0.0024478
-0.0016447
0.00095724
0.0015129
0.00025926
-0.0017079
-0.0021642
-0.00059286
0.00074786
0.0010111
0.00018561
-0.00086306
-0.0008217
0.00072077
0.0019983
0.0013841
-0.00013471
-0.00096864
-0.00013549
0.0018187
0.0022298
0.00061079
-0.00091573
-0.00066021
-0.00011624
0.00016344
0.00023387
0.00069341
0.00089391
7.2441e-05
-0.0013181
-0.0012504
0.0003656
0.00045794
-0.00091102
-0.0023172
-0.001496
-0.00035024
-0.00017108
-0.00071863
-0.00080831
-0.00029081
-0.0006613
-0.00020952
0.00018964
6.3435e-05
-0.00022936
-0.00025683
0.00011433
0.0012723
0.0013293
-0.0005618
-0.0014837
-0.00070224
0.00055144
0.00020954
-0.0011888
-0.0028115
-0.0030272
-0.0017772
-0.00057404
-0.00082675
-0.0025572
-0.0032347
-0.0023932
-0.0020369
-0.0022978
-0.0027979
-0.0036562
-0.0034219
-0.0023547
-0.0007931
-0.00020859
-4.7181e-05
-0.0001174
-0.00086802
-0.00090335
-0.00051609
-0.00039679
-1.2613e-05
0.00074236
0.00021058
-0.0012636
-0.0018817
-0.00057113
0.0010075
0.0015962
0.00061901
-0.00018611
0.00022568
0.0014762
0.0013904
-0.00025098
-0.00030536
0.00039105
0.00069933
0.00070479
0.0010899
0.00051042
-0.00037305
-0.00099945
-0.00032331
0.0014735
0.0013444
-0.00065316
-0.0024148
-0.0014062
0.00033158
0.0010051
-0.00045466
-0.0017622
-0.0015913
-0.0010247
-0.00057196
-0.00021042
0.0010625
0.0010698
6.9976e-05
-0.00068987
-0.00070928
-0.00062846
0.00021582
0.00099246
0.00054629
0.00090071
0.00097236
0.0010187
0.0011687
0.00052523
0.00021626
0.00060357
0.0010898
0.00099114
-0.00013624
-0.0008129
-0.00032672
0.00043419
0.00051015
0.00047377
0.00060303
0.00048219
0.00028173
0.00010152
0.00095594
0.00092783
0.0012137
0.0014829
0.0014432
0.0012719
0.0014266
0.0023424
0.0027415
0.0029724
0.0014908
0.00073243
0.0010026
0.0017772
0.0016917
0.00053408
0.00039415
0.0016286
0.0021111
0.0005676
-0.00026503
-0.0001078
0.00070373
0.0012363
0.00074854
-0.00015253
-0.0010049
-0.0014791
-0.0015706
-0.00076166
0.00024804
0.00026422
-0.00029186
-0.00048776
-0.00037035
-8.9845e-05
0.00022298
-0.00063258
-0.0010457
-0.00099261
-0.00074138
-0.00086379
-0.0008921
-0.00013979
0.00082634
5.5361e-05
-0.00091712
-0.00054087
-0.00084227
-0.00036939
0.00021115
0.00036364
0.00016864
-0.00018593
-0.00027242
0.00075178
0.0021917
0.0015356
-0.0005725
-0.00098022
0.00027766
0.00090752
