0
0
0
0
0
0
0
0
0
0
0
0
0
0
-2.3793e-21
-3.7616e-37
-2.3793e-21
2.3793e-21
-2.3793e-21
0
-2.3793e-21
0
0
0
6.1035e-05
6.1035e-05
6.1035e-05
-3.7616e-37
2.3793e-21
6.1035e-05
6.1035e-05
6.1035e-05
-3.7616e-37
-2.3793e-21
-2.6331e-36
6.1035e-05
0.00012207
6.1035e-05
-6.1035e-05
-0.00018311
-0.00024414
-6.1035e-05
6.1035e-05
6.1035e-05
6.1035e-05
-1.5046e-36
-0.00018311
-0.00018311
-6.1035e-05
6.1035e-05
0.00024414
-6.1035e-05
-0.00036621
-0.00018311
0.00030518
0.00030518
-0.00018311
-0.00085449
-0.00067139
-6.1035e-05
0.00018311
-1.1896e-20
-0.00048828
-0.00085449
-0.00067139
6.1035e-05
0.00042725
0.00012207
-0.00042725
-0.00054932
0.00012207
0.00061035
0.00042725
0.00012207
0.00012207
0.00030518
0.00054932
0.00067139
0.00067139
0.0010376
0.0012817
0.00091553
0.00030518
-4.7585e-21
0.00036621
0.00073242
0.00030518
-0.00018311
6.1035e-05
0.00067139
0.00079346
0.00079346
0.00042725
-6.1035e-05
-4.7585e-21
0.00042725
0.00054932
0.00036621
-2.3793e-21
0.00018311
0.00054932
0.00030518
-1.4276e-20
-0.00018311
0.00012207
0.00054932
0.0010376
0.0013428
0.00091553
0.00036621
-1.6655e-20
-0.00024414
-0.00018311
-0.00018311
-6.1035e-05
-6.1035e-05
-0.00018311
-0.00042725
-0.00030518
-1.6655e-20
-7.1378e-21
-0.00018311
-1.1896e-20
-0.00018311
-6.1035e-05
0.0010376
0.0015259
0.0010376
0.00018311
0.00018311
0.00024414
0.00067139
0.0010376
0.00061035
1.1896e-20
-0.00048828
-1.9034e-20
0.00030518
-5.4723e-20
-0.0012207
-0.0024414
-0.0020142
6.1035e-05
0.0015259
0.00079346
-0.0012207
-0.0015259
-0.00048828
0.00091553
0.0018311
0.00036621
-0.00030518
-0.00054932
0.00030518
0.0013428
0.0012817
3.8068e-20
-0.0010986
-0.00091553
-0.00079346
-6.1035e-05
0.00024414
-0.00079346
-0.0014648
-0.00079346
-0.0010376
-0.00048828
-0.00012207
-0.00024414
-0.00091553
-0.0014038
6.1035e-05
0.0015259
0.0014038
-0.00018311
-0.0019531
-0.0020752
-0.0010376
-0.00067139
-0.0012207
-0.0031738
-0.003418
-0.00091553
0.0014038
0.0011597
-0.0013428
-0.0022583
-0.00079346
0.0011597
0.00097656
-0.00030518
-0.00073242
-0.00030518
0.00073242
0.0011597
0.00042725
-0.00054932
5.2344e-20
0.0023193
0.0038452
0.0023804
-0.00018311
-0.0016479
-0.0011597
0.00018311
0.00018311
-0.00097656
-0.0012207
-0.00091553
-0.0010986
-0.00177
-0.0015869
-0.00030518
0.00030518
-0.00012207
-0.0011597
-0.00073242
3.8068e-20
-0.00048828
-0.00030518
0.00097656
0.0010376
-0.00091553
-0.00177
-6.1035e-05
0.0015869
0.00018311
-0.00091553
-0.00018311
0.00030518
-6.1035e-05
-0.0023193
-0.0028687
-0.00054932
0.00097656
0.00042725
-0.0010376
-0.00097656
0.00018311
0.00061035
-0.00018311
-0.0011597
-0.0016479
-0.00061035
0.00073242
0.00067139
-0.00067139
-0.0011597
-0.00054932
-0.00036621
-0.00073242
-0.0018921
-0.0032349
-0.0036011
-0.0021973
-0.0018311
-0.0026855
-0.0018311
-0.00054932
-0.0011597
-0.0018921
-0.0010376
-0.00018311
-0.00054932
-0.0012817
-0.00097656
0.00018311
0.0021973
0.0031128
0.0020142
6.1035e-05
-0.00048828
0.00048828
0.0011597
-4.7585e-21
-0.0014648
-0.0015259
-6.1035e-05
0.0013428
0.00079346
-0.00097656
-0.0022583
-0.0025024
-0.00079346
0.0013428
0.0015259
0.00073242
6.1035e-05
-0.00091553
-0.00054932
0.00042725
0.00054932
0.00067139
0.00079346
0.00018311
-6.1035e-05
-2.3793e-21
0.0010376
0.0012817
0.00012207
-0.00079346
-0.0012817
-0.0010376
-0.00030518
0.00018311
-0.00042725
-0.00073242
-0.00097656
-0.00048828
0.00030518
0.00024414
-0.0010376
-0.0020752
-0.00036621
0.0024414
0.0029907
0.00012207
-0.0024414
-0.0022583
-0.00085449
-0.00085449
-0.0018921
-0.0024414
-0.0010986
2.8551e-20
0.00048828
0.00018311
0.00018311
6.1035e-05
-0.00054932
4.9964e-20
0.00073242
-0.00018311
-0.0018921
-0.0021362
-0.00018311
0.0018311
0.0015259
-0.00054932
-0.0023804
-0.0022583
-0.00079346
-0.00061035
-0.0010376
-0.0013428
-0.0015259
-0.0014038
-0.00097656
-0.00048828
0.00018311
0.00079346
0.0012817
0.001709
0.0010986
0.00042725
0.00054932
0.0023804
0.0030518
0.0019531
0.00091553
0.00036621
0.00067139
0.0018921
0.0024414
0.00097656
-0.00091553
-0.0023804
-0.0023804
-0.0010376
-2.3793e-20
0.0015869
0.0016479
-0.00030518
-0.0012817
-0.0010376
0.00054932
0.0015259
0.00079346
-0.00024414
-0.00048828
6.1035e-05
-5.2344e-20
-0.0011597
-0.0010376
6.1035e-05
0.00042725
-0.00012207
-0.0011597
-0.0010376
-0.00042725
-0.00054932
-0.00048828
0.00018311
0.00061035
0.00054932
-0.00097656
-0.0021362
-0.00091553
0.0015259
0.0031128
0.0021362
0.00067139
-0.00012207
0.0011597
0.0029907
0.0018311
-0.00030518
-0.00097656
0.00079346
0.0026245
0.0013428
-0.00097656
-0.00054932
0.0014648
0.0024414
0.0021362
0.00177
0.0015259
0.00085449
0.00054932
0.0015869
0.0032349
0.0036011
0.0018921
0.00067139
0.00079346
0.0012817
0.0014038
0.00042725
6.1035e-05
2.8551e-20
0.00030518
0.0011597
0.00079346
-0.00054932
-0.0015259
-0.00091553
0.00073242
0.0015869
0.00042725
-0.0014648
-0.0016479
-0.00042725
0.0014038
0.0020752
0.00091553
0.00030518
0.0010376
0.0012207
-0.00018311
-0.0019531
-0.0021362
-0.0014038
-0.0013428
-0.0012817
-0.0016479
-0.00097656
0.00085449
0.0016479
-0.00012207
-0.0026245
-0.0012207
0.0020752
0.0028076
0.0012817
6.1035e-05
0.00018311
0.0012207
0.0023193
0.0023193
0.0012817
0.00054932
0.00018311
0.00085449
0.0016479
0.0011597
-0.00030518
-0.0012207
-0.00042725
-0.00030518
-0.00079346
-0.00079346
-0.00073242
-0.0012207
-0.0013428
-0.00097656
-2.6172e-20
0.0014038
0.0016479
0.00018311
-0.00030518
0.00079346
0.0010376
0.00018311
-0.00067139
-0.00061035
2.1413e-20
-0.00018311
-0.00079346
-0.0010986
-0.00042725
0.00018311
0.00018311
2.3793e-21
-0.00091553
-0.00079346
-0.00024414
0.00018311
0.00012207
-0.00030518
4.0447e-20
-0.00018311
0.00012207
-6.1035e-05
-0.00091553
-0.00048828
0.00067139
0.00067139
-0.00030518
-0.0011597
-0.0012817
-0.00067139
-0.00018311
-0.00030518
-0.0016479
-0.00079346
0.0010986
0.00067139
-0.0012817
-0.0015259
0.0010376
0.0036011
0.0025024
-0.00048828
-0.0024414
-0.0011597
0.0014038
0.0014038
-0.00079346
-0.0020142
-0.0010376
0.00036621
0.00091553
-0.00024414
-0.0020142
-0.0020752
-0.00067139
-0.00085449
-0.0027466
-0.0037231
-0.0025024
-0.00030518
0.00091553
0.00042725
-0.00042725
-0.00054932
6.1035e-05
0.0011597
0.0015259
0.0012207
0.00073242
2.1413e-20
-0.00079346
-0.00048828
0.0011597
0.0014648
6.1035e-05
-0.0016479
-0.00177
-0.00042725
-4.7585e-21
6.1035e-05
-0.00036621
-0.00079346
-6.1035e-05
0.00097656
0.0014038
0.00073242
0.00012207
0.00042725
-6.1035e-05
-0.0010376
-0.00079346
0.00018311
0.0012207
0.00036621
-0.00091553
-0.0015259
-0.00054932
0.00097656
0.00177
0.00054932
-0.00091553
-0.0012817
-0.00048828
0.0014038
0.0013428
-0.00042725
-0.0014038
-0.00067139
-2.1413e-20
-0.00067139
-0.00073242
2.6172e-20
0.0014038
0.0018311
-0.00012207
-0.0016479
-0.0013428
-0.00042725
-0.00030518
-0.00085449
-0.0012207
-0.00079346
0.0010376
0.0024414
0.0023804
0.0018311
0.00042725
-0.00097656
-0.00177
-0.00042725
0.0015869
0.0020142
0.00079346
-6.1035e-05
-6.6619e-20
0.00073242
0.00177
0.0016479
0.00073242
0.00036621
0.0015259
0.0019531
0.0022583
0.0018921
0.00097656
0.0012817
0.00097656
0.0010376
0.0014038
0.0011597
-0.00018311
-0.0010986
-0.00061035
0.00030518
0.0018921
0.0015869
-0.00054932
-0.0021362
-0.0022583
-0.00079346
-0.00012207
6.1035e-05
0.00067139
0.00054932
-4.0447e-20
-0.00079346
-0.00036621
0.00054932
0.0020142
0.0022583
0.00067139
-0.00018311
0.00042725
0.0011597
0.00091553
0.00018311
-0.00054932
-0.00054932
-0.00018311
0.00079346
0.00091553
-0.00036621
-0.0011597
-0.00073242
0.00085449
0.0022583
0.0016479
6.1035e-05
-0.00030518
0.00024414
0.00042725
0.00097656
0.0012817
0.00061035
-0.0011597
-0.0014648
-6.1035e-05
0.0011597
0.00067139
6.1035e-05
0.00079346
0.00177
0.00177
-0.00024414
-0.0016479
-0.0011597
0.00067139
0.0013428
-2.3793e-21
-0.0010376
-0.00091553
-0.00097656
-0.0014038
-0.0011597
-0.0010376
-0.00048828
-0.00042725
-0.00097656
-0.0012817
-0.0016479
-0.0012817
-0.00036621
-0.00030518
-0.00067139
-0.00177
-0.0020752
-0.0010376
-0.00048828
-0.00073242
-0.0014038
-0.0015259
-0.0013428
-0.00079346
6.1035e-05
-0.00036621
-0.0023193
-0.0022583
-0.00073242
0.00073242
0.00018311
-0.00177
-0.0021362
-0.0012207
-0.00036621
-0.00079346
-0.00079346
-0.00054932
-0.00012207
-0.00018311
-0.00054932
-0.00018311
7.6136e-20
-0.00018311
-0.00061035
-0.0015869
-0.0025024
-0.0016479
3.093e-20
0.00091553
-6.1035e-05
-0.0018311
-0.0020752
-0.00024414
0.00067139
3.8068e-20
-0.0014648
-0.0026855
-0.001709
0.00018311
0.00054932
-0.00012207
-0.00079346
-0.0014038
-0.0015869
-0.0015259
-0.0012817
-0.0014648
-0.0015259
-0.00097656
-0.00079346
-0.0012207
-0.0016479
-0.00061035
0.00073242
0.00073242
-4.7585e-21
-0.00030518
-6.1035e-05
0.00054932
0.00091553
-6.1035e-05
-0.0014038
-0.0016479
-0.00048828
0.0011597
0.0018311
0.0019531
0.0010376
0.00012207
0.00018311
0.00091553
0.0021362
0.0023804
0.0011597
-0.00030518
-0.00079346
0.00018311
0.0023193
0.0023804
0.00091553
-6.1035e-05
-0.00030518
0.0013428
0.0027466
0.0016479
-0.00012207
-0.00054932
0.00018311
0.00097656
0.00024414
-0.00036621
-0.00079346
6.1035e-05
0.00079346
0.00073242
0.0012207
0.0014038
0.00048828
-0.0015259
-0.0025635
-0.00054932
0.0015259
0.0011597
-0.00054932
-0.0022583
-0.0016479
6.1035e-05
0.0010376
0.00079346
-0.00030518
-0.0010986
-0.00036621
0.0014038
0.0020142
0.00079346
-0.00061035
-0.00091553
0.00061035
0.0022583
0.00177
-0.00012207
-0.00097656
-0.00042725
1.6655e-20
0.00024414
0.00042725
0.00091553
0.00067139
-0.00048828
-0.0015869
-0.00054932
0.00067139
6.1035e-05
-0.0016479
-0.0022583
-0.00091553
-0.00018311
-0.00030518
-0.00091553
-0.00054932
-0.00042725
-0.00061035
6.1035e-05
0.00018311
-6.1035e-05
-0.00030518
-0.00018311
0.00054932
0.0016479
0.00067139
-0.0011597
-0.0013428
-6.1035e-05
0.00067139
-0.00024414
-0.0018311
-0.0031128
-0.0025635
-0.0011597
-0.00036621
-0.0014038
-0.0030518
-0.0029907
-0.0021362
-0.0021362
-0.0023804
-0.0031738
-0.0037231
-0.0031128
-0.00177
-0.00042725
-0.00018311
6.1035e-05
-0.00042725
-0.0010376
-0.00079346
-0.00048828
-0.00036621
0.00030518
0.00067139
-0.00042725
-0.00177
-0.0015259
0.00012207
0.0014038
0.0013428
0.00012207
-0.00018311
0.00067139
0.00177
0.00073242
-0.00048828
-6.1035e-05
0.00054932
0.00067139
0.00091553
0.0010376
0.00012207
-0.00067139
-0.00097656
0.00048828
0.00177
0.00073242
-0.0015869
-0.0023193
-0.00067139
0.00079346
0.00067139
-0.0011597
-0.00177
-0.0014038
-0.00079346
-0.00054932
0.00030518
0.0012817
0.00067139
-0.00036621
-0.00079346
-0.00067139
-0.00042725
0.00067139
0.00079346
0.00054932
0.0010376
0.00091553
0.0011597
0.00097656
0.00030518
0.00030518
0.00079346
0.0011597
0.00061035
-0.00054932
-0.00073242
-5.2344e-20
0.00054932
0.00042725
0.00054932
0.00054932
0.00042725
6.1035e-05
0.00036621
0.0010376
0.00091553
0.0014038
0.0014038
0.0014038
0.0011597
0.0018311
0.0025024
0.0029297
0.0025024
0.00097656
0.00079346
0.0012817
0.0019531
0.0012207
0.00030518
0.00079346
0.0021362
0.0016479
0.00012207
-0.00024414
0.00018311
0.0010376
0.0011597
0.00042725
-0.00048828
-0.0012207
-0.0015869
-0.0013428
-0.00024414
0.00042725
6.1035e-05
-0.00042725
-0.00042725
-0.00030518
0.00012207
7.1378e-21
-0.00091553
-0.0010376
-0.00091553
-0.00073242
-0.00097656
-0.00067139
0.00030518
0.00079346
-0.00054932
-0.00079346
-0.00067139
-0.00079346
-6.1035e-05
0.00030518
0.00030518
9.517e-21
-0.00030518
-6.1035e-05
0.0014038
0.0022583
0.00067139
-0.0010376
-0.00054932
