0
0
0
0
0
0
0
0
0
0
0
0
0
0
-2.1763e-06
3.4517e-07
-2.6516e-06
3.2176e-06
-4.1142e-06
3.6034e-06
-9.7498e-06
4.4173e-05
6.6024e-05
6.1494e-05
2.5177e-05
-2.0055e-05
4.9977e-05
5.8968e-05
7.0975e-05
2.0501e-05
-5.3928e-07
-2.7047e-06
3.3631e-05
0.00011248
9.177e-05
-2.3077e-05
-0.00013747
-0.00024841
-0.00012971
4.2842e-05
5.806e-05
7.0188e-05
3.9013e-05
-0.00012735
-0.00022667
-8.5473e-05
8.2844e-06
0.00024792
7.1972e-05
-0.00031403
-0.00030881
0.00018325
0.00038009
2.9359e-05
-0.00068759
-0.00084297
-0.00022354
0.00014774
0.00011812
-0.00033074
-0.00078613
-0.00081683
-0.00017642
0.0003922
0.0002605
-0.00026763
-0.00061667
-0.00013796
0.0005167
0.00050273
0.00017272
8.2222e-05
0.00024088
0.00046406
0.00064332
0.00063099
0.00090212
0.0012786
0.00107
0.00046232
1.2699e-05
0.00018807
0.00070467
0.00049909
-9.2478e-05
-0.00011001
0.00051848
0.00079452
0.00081642
0.0005869
5.3735e-05
-7.5928e-05
0.0003145
0.00055816
0.00044209
9.3397e-05
2.661e-05
0.00048377
0.00039741
9.0267e-05
-0.00015487
-1.8477e-06
0.00043727
0.00087716
0.0013184
0.0011078
0.00051328
0.00012678
-0.00020721
-0.00020749
-0.00018021
-9.2435e-05
-4.579e-05
-0.00011935
-0.00037707
-0.0004143
-9.2473e-05
4.8135e-05
-0.00013923
-7.147e-05
-6.4744e-05
-0.00026869
0.00068972
0.0014738
0.0012915
0.00038704
0.00011148
0.00023568
0.00046576
0.0010703
0.00081157
0.00023631
-0.00046501
-0.00022262
0.00027748
0.00021617
-0.0007377
-0.0021648
-0.0024024
-0.00065714
0.0012988
0.0012537
-0.00062352
-0.0017167
-0.00081903
0.00036772
0.0018589
0.00088602
-0.0002046
-0.0005003
-0.00013332
0.001122
0.0014229
0.00054127
-0.00092471
-0.00095878
-0.00090181
-0.00031547
0.00027864
-0.00031586
-0.0014501
-0.00097429
-0.00097285
-0.00078443
-8.1618e-05
-0.0001518
-0.00056889
-0.0014598
-0.00050892
0.0012348
0.0017
0.00043679
-0.0015166
-0.0023202
-0.0013301
-0.00066953
-0.00087264
-0.0025558
-0.0037617
-0.0017911
0.00086037
0.0016022
-0.000576
-0.0022774
-0.0014216
0.00069133
0.0012757
-4.8574e-06
-0.00076513
-0.00060207
0.00038932
0.0011311
0.00075985
-0.00033019
-0.00038531
0.0015363
0.0036744
0.0030803
0.00056929
-0.0013517
-0.0014602
-0.00016219
0.00037585
-0.00064865
-0.0012532
-0.00093995
-0.00098169
-0.001569
-0.0018044
-0.0006531
0.00023427
0.0001377
-0.00088656
-0.0010405
-0.0001016
-0.00032938
-0.00050073
0.00056564
0.0012883
-0.00029089
-0.0017891
-0.0007328
0.001387
0.00082122
-0.00087824
-0.00042898
0.00020544
0.00026238
-0.0015793
-0.003136
-0.001311
0.00076942
0.00082908
-0.00069609
-0.0012278
-0.00015954
0.00067944
0.00012103
-0.00087468
-0.0016205
-0.0010464
0.0004662
0.00089795
-0.00019774
-0.0011804
-0.00066814
-0.00032841
-0.00053901
-0.0014794
-0.0028123
-0.0036682
-0.0026902
-0.0017005
-0.0025146
-0.0022607
-0.0007639
-0.00081988
-0.0019132
-0.0014496
-0.00035998
-0.00029709
-0.001157
-0.0012089
-0.00034177
0.0015714
0.0030765
0.0025223
0.00055592
-0.00057367
0.00012202
0.0011333
0.00053862
-0.0010966
-0.0016986
-0.00065876
0.0010414
0.0011667
-0.00042028
-0.0018951
-0.0025789
-0.0015009
0.00082255
0.0016644
0.00094869
0.0003283
-0.00068671
-0.00085588
0.00015844
0.00057721
0.00059999
0.00086855
0.00037712
-4.1504e-05
-0.00011691
0.00066146
0.0014713
0.00050614
-0.0005195
-0.0012221
-0.0011878
-0.00057334
0.00021289
-0.0001799
-0.00069289
-0.00097211
-0.00078873
0.00016987
0.00041934
-0.00048062
-0.0019924
-0.0011254
0.001693
0.0032674
0.0011692
-0.0019164
-0.0026011
-0.001203
-0.00071107
-0.0015293
-0.0024677
-0.0016081
-0.00024912
0.00040081
0.0003547
0.0001356
0.0002321
-0.00045767
-0.00031462
0.00063006
0.00031841
-0.0014148
-0.0023212
-0.00094147
0.0013952
0.0019152
0.00017405
-0.0019314
-0.0025447
-0.0011755
-0.00052998
-0.00094957
-0.0012722
-0.0015205
-0.0014935
-0.0011602
-0.0006684
-0.00010706
0.00064432
0.001072
0.0016612
0.0013068
0.00056956
0.00027517
0.0017164
0.0031204
0.0023425
0.001233
0.00046902
0.0004732
0.0014585
0.0024563
0.0015621
-0.00033764
-0.001973
-0.0025923
-0.001468
-0.00034521
0.0011218
0.0019994
0.00029981
-0.00113
-0.0012472
3.4303e-05
0.0014637
0.0011404
1.0519e-05
-0.00052629
-0.00013512
0.0001752
-0.00082189
-0.0012691
-0.00020064
0.00040186
0.00013187
-0.00092369
-0.0011825
-0.00050322
-0.00044955
-0.00064916
-8.0966e-05
0.00049126
0.00068511
-0.00037772
-0.0020957
-0.0015411
0.00073931
0.0029209
0.0026196
0.0010047
-6.1418e-05
0.00050534
0.0027039
0.0024394
0.00023434
-0.0010569
3.0062e-05
0.002268
0.0020141
-0.00046184
-0.00098018
0.00086986
0.0022581
0.0022465
0.0018246
0.001651
0.0011038
0.00049354
0.0011122
0.0027635
0.0037588
0.0025477
0.00083474
0.00065813
0.0011107
0.0015493
0.00079752
8.9382e-05
3.285e-05
8.3112e-05
0.00098109
0.0011066
-7.0588e-05
-0.0013232
-0.0012945
0.0002106
0.0015138
0.00098774
-0.0010108
-0.0017951
-0.00087826
0.00090433
0.0021353
0.0013679
0.00034886
0.00078917
0.0013574
0.0003525
-0.0015338
-0.0023016
-0.0015147
-0.0012925
-0.0013131
-0.0016001
-0.0014231
0.00033454
0.0016426
0.00069651
-0.0021523
-0.00213
0.00119
0.0029053
0.0017909
0.00027995
-2.4878e-05
0.00081238
0.0020227
0.0024872
0.0016253
0.00074098
0.00025782
0.00052787
0.0015052
0.001455
0.00025996
-0.0011146
-0.00069968
-0.00021618
-0.00070627
-0.00084588
-0.00065002
-0.0010439
-0.0013942
-0.0011345
-0.00037996
0.0010449
0.0018127
0.00068942
-0.00041004
0.00045736
0.0011433
0.00048008
-0.0004813
-0.00076218
-0.00014241
-2.8655e-05
-0.00062035
-0.0010891
-0.00072387
0.0001317
0.00018792
0.00014275
-0.00065113
-0.00096727
-0.00034838
5.5787e-05
0.00024817
-0.00029216
-7.4938e-05
-0.00010806
-1.095e-05
0.00015129
-0.00071773
-0.00078052
0.00038496
0.00087828
-2.5974e-05
-0.00095844
-0.0013701
-0.00080493
-0.00032669
-0.00013568
-0.0013713
-0.0013826
0.00072132
0.0011239
-0.00074459
-0.001807
5.036e-05
0.003156
0.0032339
0.00040965
-0.0021364
-0.0019177
0.00080816
0.0017732
-6.5128e-05
-0.0019059
-0.001421
3.9716e-05
0.00094756
0.0002868
-0.0015448
-0.0022881
-0.0010532
-0.0005353
-0.0021659
-0.0036568
-0.0030795
-0.00096666
0.00069114
0.00068328
-0.00022895
-0.00055567
-0.00021027
0.00080172
0.0014843
0.0013349
0.00095027
0.0002438
-0.00062505
-0.00082469
0.00065325
0.0016349
0.00060479
-0.001204
-0.0020229
-0.00083378
-2.6555e-05
6.3389e-05
-0.00015407
-0.00075039
-0.00035089
0.00069213
0.0013605
0.00099568
0.00023011
0.00034411
0.0002721
-0.00088944
-0.00099447
-0.00023182
0.0010729
0.00080117
-0.00055403
-0.0014922
-0.0010275
0.0005513
0.0017306
0.001134
-0.00061467
-0.0012286
-0.00092117
0.0008933
0.0016411
9.4597e-05
-0.0012927
-0.0010041
-1.694e-05
-0.00044089
-0.00082908
-0.00026025
0.00097492
0.0019983
0.00058426
-0.0014426
-0.0016148
-0.0006851
-0.00024571
-0.00068209
-0.001145
-0.001036
0.00036569
0.0021617
0.0024274
0.0020946
0.0009211
-0.00055761
-0.0017362
-0.0011056
0.0010519
0.0020974
0.0012224
1.1723e-05
-0.00010256
0.00035229
0.0015545
0.0018075
0.0010496
0.00028814
0.0011158
0.0018946
0.0020867
0.0022227
0.0011446
0.001209
0.0011011
0.00087727
0.0013296
0.0013748
0.00037791
-0.00097114
-0.00081035
-5.4399e-05
0.0014704
0.0019975
0.00013722
-0.0017487
-0.0024075
-0.0012698
-0.00017338
-0.00012049
0.00053477
0.00064996
0.00022611
-0.00066232
-0.00063034
0.00023483
0.0015808
0.0024811
0.0011727
-0.00011606
8.7387e-05
0.0010382
0.001074
0.00047237
-0.00038403
-0.0006321
-0.00039639
0.00045208
0.0010962
6.2688e-05
-0.0010173
-0.00099095
0.00026182
0.001975
0.0020573
0.00054631
-0.00035993
9.5141e-05
0.00032615
0.00078761
0.0012505
0.00096964
-0.00067339
-0.0016584
-0.00053884
0.00094783
0.0010132
7.5181e-05
0.00050049
0.0014924
0.0020294
0.00046989
-0.0013924
-0.0014643
0.0001137
0.0014304
0.00046222
-0.00084664
-0.00099843
-0.00081278
-0.0013173
-0.0012334
-0.0010726
-0.00065542
-0.00029679
-0.00080001
-0.0011847
-0.0015499
-0.0014981
-0.00055651
-0.00023146
-0.00049334
-0.0013762
-0.0022037
-0.0013839
-0.00055679
-0.00052791
-0.0012096
-0.0015505
-0.0014596
-0.0010046
-0.00015707
5.3816e-05
-0.0017875
-0.0025506
-0.0012159
0.00035626
0.00065557
-0.0012866
-0.0021919
-0.0015937
-0.00049704
-0.00063798
-0.00087859
-0.0006073
-0.00022412
-2.392e-05
-0.00054126
-0.00034496
-2.78e-05
-6.1052e-05
-0.00041855
-0.0012089
-0.0024087
-0.0020867
-0.00048752
0.00084038
0.00046327
-0.0013458
-0.002289
-0.00087332
0.00062074
0.00031603
-0.00092029
-0.0024698
-0.0022204
-0.00030979
0.00063279
0.00010525
-0.00056289
-0.0012308
-0.00155
-0.0015693
-0.0013676
-0.0013628
-0.0016009
-0.0011401
-0.00080628
-0.0010595
-0.0016502
-0.0010789
0.00045486
0.00089637
0.00023119
-0.00031218
-0.00022008
0.00028666
0.00087445
0.00034886
-0.0010883
-0.0017292
-0.0010156
0.00067403
0.0016581
0.0019914
0.0014435
0.00030325
7.136e-05
0.00054444
0.0017755
0.0024767
0.001661
5.2487e-05
-0.00082805
-0.00038016
0.0017331
0.0027007
0.0013556
0.00020608
-0.00042278
0.0007051
0.0025604
0.0022425
0.00030508
-0.00053487
-0.000168
0.00086349
0.00050493
-0.00019849
-0.00064983
-0.00028308
0.0007113
0.00067283
0.0010391
0.0014935
0.00098637
-0.00085918
-0.0025634
-0.0014305
0.0011577
0.0014885
8.7478e-05
-0.0019237
-0.0021301
-0.00044078
0.00086317
0.0010274
8.3557e-05
-0.00099367
-0.00082078
0.00084154
0.0020506
0.001297
-0.00023414
-0.0010003
-3.1514e-05
0.0018916
0.0021308
0.00046546
-0.00089618
-0.00059038
-0.00012875
0.00017565
0.00034368
0.00086086
0.00090094
-5.5374e-05
-0.0014207
-0.0010677
0.000528
0.00043124
-0.0010682
-0.0023646
-0.0013682
-0.00029753
-0.0001763
-0.00076387
-0.00075108
-0.00034095
-0.00070065
-0.00013558
0.00022289
5.3162e-05
-0.00027144
-0.00026971
0.00020864
0.0014592
0.0012768
-0.00069469
-0.0014824
-0.00052683
0.00069025
0.00019146
-0.00127
-0.0028423
-0.0028682
-0.0015428
-0.00039348
-0.00083754
-0.0026102
-0.0031715
-0.0023355
-0.0020834
-0.0023021
-0.0028362
-0.0036727
-0.0033788
-0.0022764
-0.00074543
-0.00024703
-1.0759e-05
-0.00015411
-0.00093516
-0.00094175
-0.00058671
-0.00047875
6.4118e-06
0.00069501
-1.8607e-05
-0.0015126
-0.0018872
-0.00040071
0.0011136
0.0015484
0.00046457
-0.00024893
0.00026879
0.0015603
0.0012679
-0.0003032
-0.00025218
0.00037463
0.00063834
0.00076071
0.0011702
0.00046649
-0.00043997
-0.0010382
-0.00011769
0.0016443
0.0013029
-0.00084098
-0.0024329
-0.0012443
0.00042709
0.00095644
-0.00060556
-0.0017393
-0.001529
-0.0009657
-0.00060636
-0.0001219
0.00116
0.00097124
-9.4113e-05
-0.00080642
-0.0007407
-0.00059271
0.00033475
0.00092001
0.00045764
0.00089886
0.00095361
0.001064
0.0011435
0.00047313
0.00022856
0.00062476
0.0010844
0.00089293
-0.0002557
-0.00080799
-0.00026747
0.00045807
0.00046671
0.00046671
0.00057489
0.00045622
0.00018197
7.5955e-05
0.00092645
0.00085695
0.001249
0.0014309
0.0013879
0.0011773
0.0014855
0.0023889
0.0027735
0.0028434
0.0013055
0.00073481
0.0010716
0.0018539
0.0015816
0.00045342
0.00047973
0.0018078
0.0020915
0.00052561
-0.00018184
1.442e-05
0.00082602
0.001251
0.000705
-0.00019465
-0.001014
-0.0014881
-0.0015283
-0.0005989
0.00037919
0.00028276
-0.00030699
-0.0004523
-0.0003345
-2.8867e-05
0.00019157
-0.00068952
-0.001031
-0.00098376
-0.00073607
-0.00092026
-0.00086572
-4.074e-05
0.00085511
-9.366e-05
-0.00091254
-0.00060113
-0.00091606
-0.00031396
0.00025082
0.00035311
9.3034e-05
-0.00025553
-0.00027457
0.00086061
0.0022167
0.0013386
-0.000728
-0.00089533
0.00037405
0.00087287
0.00046154
