0
0
0
0
0
0
0
0
0
0
0
0
0
0
6.2503e-07
-7.9042e-08
7.2696e-07
-8.4051e-07
9.9804e-07
-6.0774e-07
1.5455e-06
-1.7017e-06
4.2906e-06
6.4394e-05
5.9986e-05
5.9994e-05
-6.1183e-06
7.3747e-06
6.1203e-05
6.1284e-05
5.5488e-05
-2.5034e-06
7.9555e-07
2.2126e-06
6.964e-05
0.00012138
4.8473e-05
-7.2104e-05
-0.00019532
-0.00023565
-4.0295e-05
6.0515e-05
5.9434e-05
5.9792e-05
-1.0271e-05
-0.00019679
-0.00017178
-6.2506e-05
8.4106e-05
0.00023785
-9.8257e-05
-0.00037442
-0.00014215
0.00032701
0.00027623
-0.00024737
-0.00088325
-0.00061102
-2.5281e-05
0.0001848
-3.6921e-05
-0.0005309
-0.00086555
-0.00061487
0.00012514
0.00042228
7.7005e-05
-0.00046488
-0.00050564
0.00020085
0.00062232
0.0003959
0.00010834
0.00013841
0.00033269
0.00057625
0.00066602
0.00068519
0.0010821
0.0012795
0.00086558
0.00025779
2.6188e-06
0.00041901
0.00072525
0.00024818
-0.00019664
0.00011909
0.00070013
0.00079439
0.00077889
0.0003694
-8.623e-05
3.3889e-05
0.0004595
0.00054276
0.00033937
-1.2223e-05
0.00023623
0.0005466
0.00026959
-3.0889e-05
-0.00018068
0.00016348
0.00058872
0.0010847
0.0013296
0.00085092
0.00032886
-3.2938e-05
-0.00024856
-0.00018366
-0.00017661
-5.4952e-05
-6.3944e-05
-0.00019825
-0.00043346
-0.00027701
1.0563e-05
-1.8409e-05
-0.00018258
2.0066e-05
-0.00021274
2.3323e-05
0.001123
0.0015187
0.0009537
0.00014644
0.00020216
0.00024098
0.00072344
0.001013
0.00057129
-6.2403e-05
-0.00047724
4.1566e-05
0.00029391
-7.9047e-05
-0.0013544
-0.0024811
-0.0018748
0.00026285
0.0015456
0.0006278
-0.0013551
-0.0014349
-0.00039639
0.0010727
0.0017596
0.00023706
-0.00031643
-0.00052831
0.00043376
0.0013679
0.0012114
-0.00016501
-0.0010973
-0.00090551
-0.0007505
-7.9616e-06
0.00019424
-0.00091379
-0.0014117
-0.00076861
-0.0010572
-0.00042712
-0.00014578
-0.0002618
-0.0010146
-0.0013467
0.00021579
0.0015782
0.0013074
-0.00034807
-0.0020518
-0.0020005
-0.00097147
-0.00067161
-0.0013455
-0.0033335
-0.0032589
-0.00065235
0.0015173
0.0009698
-0.001539
-0.0022019
-0.00058336
0.0012653
0.0008771
-0.0003642
-0.0007192
-0.00020949
0.00081562
0.0011353
0.0003146
-0.00058684
0.00016159
0.0025538
0.0038274
0.0021296
-0.00039711
-0.0016879
-0.0010312
0.00026459
8.4107e-05
-0.0010689
-0.0011887
-0.00090475
-0.0011546
-0.0018318
-0.0014934
-0.00020827
0.0003063
-0.00021652
-0.001195
-0.00062082
-1.5721e-05
-0.00052461
-0.00020962
0.0010851
0.00091129
-0.0011015
-0.001714
0.00016653
0.0015873
-1.0671e-05
-0.00088787
-0.00011986
0.00033436
-0.0001993
-0.0025237
-0.0027385
-0.00034132
0.0010237
0.00030058
-0.0011207
-0.00090133
0.00027913
0.00057571
-0.00027982
-0.0012484
-0.0016323
-0.00046467
0.00078912
0.00057348
-0.00080655
-0.0011305
-0.00050545
-0.00037238
-0.00082257
-0.0020307
-0.0033351
-0.0035222
-0.0020665
-0.0019181
-0.0027041
-0.0016746
-0.00049766
-0.001258
-0.0018635
-0.00093208
-0.00015577
-0.00061866
-0.0012779
-0.0009004
0.00034392
0.0023665
0.0031068
0.0018477
-7.4761e-05
-0.00044218
0.0005917
0.0011215
-0.0001595
-0.0015256
-0.0014354
0.00011467
0.00138
0.00062833
-0.0011379
-0.0023386
-0.0024255
-0.00055954
0.0014531
0.0014506
0.00068084
-2.2533e-05
-0.00094382
-0.00044867
0.00046657
0.00053468
0.00070605
0.00076313
0.00014677
-7.1972e-05
3.8435e-05
0.0011342
0.0011919
2.4352e-05
-0.00085703
-0.0012865
-0.0010036
-0.0002335
0.00016154
-0.0004656
-0.00073913
-0.00099077
-0.00041237
0.0003242
0.00017896
-0.0012043
-0.0020443
-0.00011081
0.0026435
0.0028364
-0.00019011
-0.0025441
-0.0021207
-0.00078019
-0.00092604
-0.0019993
-0.0023802
-0.000953
5.825e-05
0.00048376
0.00013787
0.00021217
6.4777e-06
-0.00055273
8.6672e-05
0.00072344
-0.00033961
-0.0020002
-0.002032
4.2547e-05
0.0019082
0.0013685
-0.00075955
-0.0024753
-0.0021292
-0.00069796
-0.00064577
-0.0010622
-0.0013632
-0.0015154
-0.0013656
-0.00091457
-0.0004398
0.00026134
0.0008363
0.0013595
0.0017017
0.0010399
0.00039669
0.00066363
0.0025446
0.002979
0.0018409
0.00083842
0.00035839
0.00076261
0.0020105
0.0023683
0.00077861
-0.0010785
-0.0024584
-0.0022756
-0.00094293
0.00010529
0.0017058
0.0015023
-0.00046181
-0.0013226
-0.00095082
0.00070135
0.0015194
0.00068893
-0.00030448
-0.00045507
0.00010998
-9.0565e-05
-0.0012462
-0.00093825
0.00014021
0.00042594
-0.00023056
-0.001227
-0.00097575
-0.00039389
-0.00055608
-0.00043241
0.00023797
0.00063484
0.00049793
-0.0011409
-0.0021167
-0.00072597
0.0017529
0.0031391
0.0019991
0.00056234
-0.0001215
0.001387
0.003025
0.0016318
-0.00044702
-0.00089404
0.0010409
0.002653
0.0010894
-0.0010765
-0.00036301
0.0016348
0.002457
0.0020809
0.0017452
0.0014882
0.0007974
0.00058914
0.0017299
0.0033419
0.0035166
0.0017258
0.00064524
0.00081163
0.0013143
0.0013376
0.00034723
6.638e-05
-1.5389e-05
0.00037363
0.0011783
0.00067687
-0.00067763
-0.001541
-0.00078198
0.00087025
0.0015718
0.00023535
-0.001574
-0.0015922
-0.00027599
0.0015411
0.0020089
0.00079102
0.00032881
0.0011192
0.0011605
-0.00036066
-0.0020738
-0.0020789
-0.0013611
-0.0013183
-0.0012874
-0.0016724
-0.00083018
0.0010019
0.0016139
-0.00039479
-0.002688
-0.00089967
0.002296
0.0027289
0.0011369
2.9629e-05
0.00025979
0.001337
0.0023772
0.0022394
0.001181
0.00050213
0.00020049
0.00095263
0.0016362
0.0010434
-0.00045983
-0.0011922
-0.00034864
-0.00035294
-0.00083273
-0.00077987
-0.00075591
-0.0012602
-0.0013248
-0.0009316
0.00012188
0.0015011
0.0015654
4.7934e-05
-0.00024193
0.00088344
0.00099177
9.2844e-05
-0.00071329
-0.00055384
2.8861e-05
-0.00023475
-0.00084406
-0.0010918
-0.00034279
0.00019445
0.00018612
-7.0414e-05
-0.00097624
-0.00073444
-0.00020547
0.00022698
6.4769e-05
-0.00029407
2.1468e-06
-0.00018956
0.00015691
-0.00014483
-0.00094964
-0.00039296
0.00075124
0.00060454
-0.00039432
-0.0012314
-0.0012371
-0.00060831
-0.00012113
-0.00040529
-0.0017159
-0.00060305
0.001185
0.0005199
-0.0014219
-0.0014049
0.0013432
0.0036746
0.0022573
-0.00074366
-0.0024837
-0.00091099
0.0015421
0.0012527
-0.0010133
-0.0020145
-0.00090863
0.00046762
0.00087523
-0.00042992
-0.002124
-0.0019623
-0.0005737
-0.0009918
-0.0029136
-0.0036964
-0.002294
-0.00011772
0.00093502
0.00032369
-0.00047202
-0.00051111
0.00017194
0.0012409
0.0014993
0.0011863
0.00068935
-6.3554e-05
-0.00083183
-0.00036977
0.0012737
0.0013883
-9.6344e-05
-0.0017491
-0.0016673
-0.00034196
2.8171e-06
4.6654e-05
-0.00044215
-0.00077256
4.8507e-05
0.0010612
0.0013723
0.00063574
0.00011618
0.00045989
-0.00016225
-0.0010537
-0.00073833
0.00030552
0.0012208
0.00023986
-0.0010026
-0.0015112
-0.00041492
0.0010906
0.0017503
0.00036787
-0.00098504
-0.0012746
-0.00031828
0.0015256
0.0012093
-0.000585
-0.0014067
-0.00055801
-2.6402e-05
-0.00073604
-0.00070092
9.8213e-05
0.0015367
0.0017468
-0.00032085
-0.0016863
-0.0012531
-0.0003677
-0.00034441
-0.0009144
-0.0012218
-0.00066435
0.0012411
0.0024744
0.0023447
0.0017262
0.00030036
-0.001078
-0.0017376
-0.00021911
0.0017145
0.0019685
0.00067715
-6.2334e-05
2.3184e-05
0.00084035
0.0018101
0.001583
0.00065017
0.00044256
0.001634
0.0019478
0.0022791
0.0017708
0.00097802
0.0013047
0.00094308
0.0010676
0.0013924
0.0010698
-0.00032918
-0.0010955
-0.00055552
0.00043799
0.0019774
0.0014155
-0.00074739
-0.002228
-0.002165
-0.00065366
-0.00012354
0.00011706
0.00069422
0.0005279
-7.6653e-05
-0.00081292
-0.00030012
0.00065341
0.0021404
0.0021624
0.00054743
-0.00018161
0.00051917
0.0011653
0.00086018
0.00010789
-0.00056522
-0.00052194
-0.00012085
0.00087367
0.00082116
-0.00048759
-0.0011651
-0.00062241
0.0010247
0.002279
0.0014996
-4.3034e-05
-0.00024872
0.00027056
0.00046161
0.0010288
0.0012841
0.0004794
-0.0012921
-0.0013847
7.7504e-05
0.0011947
0.00056866
8.5684e-05
0.00087774
0.0018404
0.0016407
-0.00045682
-0.0016895
-0.0010314
0.0008394
0.0012731
-0.00014783
-0.0010816
-0.00089326
-0.0010317
-0.001407
-0.0011525
-0.0010198
-0.00044395
-0.00047398
-0.0010136
-0.0013225
-0.0016723
-0.0011973
-0.00032297
-0.00032968
-0.00073614
-0.0018648
-0.0020083
-0.00096378
-0.0004825
-0.00079119
-0.0014303
-0.0015175
-0.0013153
-0.00072508
0.00011148
-0.00052842
-0.0024369
-0.0021311
-0.00057795
0.00080826
-2.1646e-06
-0.0018804
-0.0020868
-0.0010987
-0.00036183
-0.00083487
-0.00077951
-0.00053171
-7.5354e-05
-0.00022502
-0.00053254
-0.00015969
-1.1622e-05
-0.00021154
-0.00065541
-0.0017042
-0.0025036
-0.00151
0.00012684
0.00090892
-0.00022317
-0.0019481
-0.0019651
-8.0812e-05
0.00064682
-0.00010944
-0.0016282
-0.0026943
-0.0015243
0.00029596
0.00049685
-0.00019307
-0.00086228
-0.0014371
-0.0015806
-0.0015057
-0.001272
-0.001499
-0.0014787
-0.00092273
-0.00079954
-0.0012841
-0.0016281
-0.00046682
0.0007912
0.0006839
-4.2554e-05
-0.00028511
-5.5201e-06
0.00062126
0.00089244
-0.00019763
-0.0014706
-0.0015811
-0.00030805
0.0012644
0.0018539
0.0019141
0.00092647
0.00011193
0.00022453
0.0010233
0.0022143
0.0023256
0.0010267
-0.00037796
-0.00077771
0.00035803
0.0024443
0.0022526
0.00080935
-0.00013761
-0.0002332
0.001527
0.0027489
0.0014529
-0.00021523
-0.0005194
0.00030412
0.00095547
0.00013742
-0.00043095
-0.00077877
0.00019176
0.00079321
0.00073753
0.0012426
0.0013697
0.00034059
-0.0017039
-0.0025047
-0.00029173
0.0015807
0.0010492
-0.00073013
-0.0023107
-0.0014957
0.00018448
0.0010605
0.00071747
-0.00039877
-0.0010921
-0.00021353
0.001533
0.0019544
0.00064268
-0.00069216
-0.00083685
0.00081514
0.0023117
0.0016105
-0.0002905
-0.0009495
-0.00036664
2.6649e-05
0.00023074
0.00045313
0.00093744
0.00060125
-0.00062479
-0.0016064
-0.00039218
0.00067799
-6.3002e-05
-0.0017953
-0.0021797
-0.00080038
-0.00016634
-0.00035983
-0.00093424
-0.00048016
-0.00046939
-0.00056701
9.82e-05
0.00017002
-8.693e-05
-0.00030385
-0.00015808
0.00064951
0.001663
0.00048033
-0.0012537
-0.0012822
5.7441e-05
0.00063244
-0.00038251
-0.0020023
-0.0031555
-0.0024596
-0.0010569
-0.00039369
-0.0015881
-0.0031301
-0.002901
-0.0020925
-0.0021673
-0.0024265
-0.0032665
-0.0036976
-0.003008
-0.0016048
-0.00036393
-0.0001736
6.2201e-05
-0.00049913
-0.00103
-0.00073855
-0.00046419
-0.00032789
0.00039986
0.00064741
-0.00054955
-0.0018363
-0.0014037
0.00027542
0.0014731
0.0012552
4.6404e-05
-0.00014281
0.00079643
0.0017777
0.00055408
-0.00049316
1.8316e-05
0.00059118
0.00065936
0.00094971
0.00097758
3.7571e-05
-0.00073328
-0.00093451
0.00066273
0.0017548
0.00054349
-0.0017763
-0.0022233
-0.00049957
0.00087167
0.00052797
-0.0013039
-0.001754
-0.0013512
-0.00073769
-0.00053052
0.0004333
0.0012922
0.00058788
-0.0004291
-0.00078787
-0.00067114
-0.0003525
0.00077027
0.00075066
0.00059372
0.0010454
0.00091364
0.0011821
0.00091018
0.0002712
0.00034654
0.00084683
0.0011642
0.00050269
-0.00062198
-0.00068578
7.9034e-05
0.00056021
0.00042263
0.00056826
0.00053743
0.00042312
4.0374e-05
0.00046974
0.001036
0.00094289
0.0014411
0.0014069
0.0013994
0.0011639
0.0019279
0.0025343
0.0029798
0.0023597
0.00089896
0.00081346
0.0013557
0.001959
0.0011014
0.00027885
0.0009024
0.0021916
0.0014769
2.3954e-05
-0.00024497
0.00025312
0.0010922
0.0011097
0.00033577
-0.00057931
-0.001268
-0.001604
-0.0012791
-0.00015526
0.00042264
2.0434e-06
-0.00045213
-0.00041839
-0.00028595
0.00016338
-9.077e-05
-0.0009576
-0.0010319
-0.00088618
-0.00073806
-0.00098456
-0.00060459
0.00040806
0.00072748
-0.00065773
-0.00073292
-0.00070118
-0.00074738
-4.6026e-06
0.00032341
0.00029538
-2.7811e-05
-0.00031427
3.4923e-05
0.0015578
0.0022112
0.00046169
-0.0010883
-0.00042125
0.00074259
