0.0000000000
0.0000000000
0.0000000000
0.0000000000
0.0000000000
0.0000000000
0.0000000000
0.0000000000
0.0000000000
0.0000000000
0.0000000000
0.0000000000
0.0000000000
0.0000000000
0.0000021949
-0.0000002967
0.0000025843
-0.0000030253
0.0000036575
-0.0000024535
0.0000061572
-0.0000083410
0.0000378304
0.0000674230
0.0000608026
0.0000348260
-0.0000185636
0.0000469194
0.0000570247
0.0000651071
0.0000186117
-0.0000034545
-0.0000002529
0.0000285601
0.0001096797
0.0000978836
-0.0000194486
-0.0001330151
-0.0002466195
-0.0001481243
0.0000415812
0.0000543983
0.0000566478
0.0000402363
-0.0000975643
-0.0002223199
-0.0001036368
-0.0000375752
0.0002099278
0.0001080438
-0.0002787806
-0.0003295944
0.0001212204
0.0003592104
0.0000574075
-0.0006234340
-0.0008633851
-0.0002709244
0.0001191948
0.0001255028
-0.0002797234
-0.0007401588
-0.0008284230
-0.0002376260
0.0003763573
0.0003000612
-0.0002026891
-0.0005885896
-0.0001682536
0.0005301389
0.0005720277
0.0002253382
0.0000869373
0.0002343048
0.0004725546
0.0006748754
0.0006378893
0.0008454814
0.0012629465
0.0011456160
0.0005581514
0.0000576400
0.0001429400
0.0006658223
0.0005482618
-0.0000394590
-0.0001345961
0.0004619112
0.0007758427
0.0008074890
0.0006238498
0.0000778714
-0.0001114896
0.0002602021
0.0005584794
0.0004718506
0.0001492628
0.0000347408
0.0004892206
0.0004374940
0.0001015483
-0.0001662552
-0.0000622202
0.0003844582
0.0008286411
0.0012938310
0.0011424028
0.0005337413
0.0001426337
-0.0001878833
-0.0002210648
-0.0001971922
-0.0001122432
-0.0000493904
-0.0001033201
-0.0003202234
-0.0003952756
-0.0001100220
0.0000293484
-0.0001348583
-0.0000960311
-0.0000106699
-0.0002563584
0.0006037594
0.0014458887
0.0013357805
0.0004675322
0.0001103941
0.0002459432
0.0003761553
0.0009650679
0.0007922791
0.0003058420
-0.0003759735
-0.0002526395
0.0002159291
0.0001784778
-0.0006588887
-0.0020488979
-0.0024141597
-0.0008627386
0.0011701273
0.0013194814
-0.0004369732
-0.0016978320
-0.0008733464
0.0002313613
0.0017623692
0.0010126255
-0.0001942430
-0.0004450883
-0.0001770635
0.0010542163
0.0013884205
0.0006225471
-0.0008951047
-0.0009706319
-0.0008844524
-0.0003912465
0.0002083254
-0.0002836368
-0.0014131036
-0.0009870739
-0.0008732026
-0.0008772419
-0.0001941341
-0.0002403102
-0.0005209311
-0.0014302647
-0.0006938698
0.0010194969
0.0016255221
0.0005680706
-0.0012882257
-0.0022734713
-0.0014612945
-0.0007423546
-0.0008213731
-0.0023098064
-0.0037513906
-0.0020394390
0.0006651251
0.0016607461
-0.0003345812
-0.0022234755
-0.0015675765
0.0005407521
0.0013810817
0.0002168823
-0.0005952268
-0.0005495945
0.0003524483
0.0011244335
0.0008254838
-0.0002690696
-0.0004841308
0.0012975564
0.0035713941
0.0032453511
0.0007429812
-0.0013181811
-0.0015793492
-0.0002812781
0.0004205204
-0.0005560763
-0.0013176466
-0.0009984968
-0.0009442273
-0.0015182080
-0.0019077986
-0.0008308941
0.0001748496
0.0001654523
-0.0008080452
-0.0010864330
-0.0001077500
-0.0002702823
-0.0005441784
0.0004554654
0.0013468531
-0.0000670281
-0.0017830184
-0.0009869041
0.0012461920
0.0010268494
-0.0007941309
-0.0005200852
0.0001501119
0.0003213856
-0.0013095502
-0.0031390700
-0.0016154257
0.0005763667
0.0009151703
-0.0004943593
-0.0012432610
-0.0003345393
0.0006191357
0.0002101173
-0.0007942589
-0.0016180046
-0.0012314591
0.0002942321
0.0008695020
-0.0001197478
-0.0012468949
-0.0008288048
-0.0003720365
-0.0004935958
-0.0014072061
-0.0027644798
-0.0036841266
-0.0028235825
-0.0016821801
-0.0024639973
-0.0024225490
-0.0008792049
-0.0006378808
-0.0017321958
-0.0014725528
-0.0004219295
-0.0002405917
-0.0010330306
-0.0011404275
-0.0003839337
0.0013717678
0.0030105830
0.0027121432
0.0008252046
-0.0005163001
0.0000082032
0.0010507624
0.0006139609
-0.0009892344
-0.0016559008
-0.0007363592
0.0009687243
0.0012461945
-0.0003320542
-0.0018730236
-0.0026016504
-0.0016726721
0.0006667639
0.0016960522
0.0010022056
0.0003919609
-0.0005598209
-0.0008479961
0.0001123496
0.0005524526
0.0005366772
0.0008447744
0.0004588162
0.0000181484
-0.0001037561
0.0004989259
0.0014205889
0.0005732118
-0.0004552129
-0.0011536576
-0.0012004735
-0.0006966853
0.0000985239
-0.0001343779
-0.0006081480
-0.0008500075
-0.0008524126
0.0000192559
0.0003378486
-0.0003943664
-0.0019479412
-0.0013727264
0.0013772096
0.0032542610
0.0014830878
-0.0016913974
-0.0026460541
-0.0013107839
-0.0006626540
-0.0014311292
-0.0024404144
-0.0017391275
-0.0003179156
0.0003405416
0.0003333937
0.0000602040
0.0002548852
-0.0003523981
-0.0003525308
0.0005375220
0.0003767174
-0.0012608630
-0.0023064569
-0.0011328354
0.0011996169
0.0019314955
0.0003239259
-0.0018081030
-0.0026130426
-0.0013107681
-0.0004808640
-0.0008687195
-0.0012031225
-0.0014658311
-0.0014511356
-0.0011384596
-0.0006269175
-0.0001168697
0.0006267900
0.0010659661
0.0016955656
0.0014500728
0.0007105137
0.0003424005
0.0015750118
0.0030938743
0.0024100121
0.0012778072
0.0004989747
0.0004439570
0.0013825304
0.0024627794
0.0016836862
-0.0002478502
-0.0018997765
-0.0026105566
-0.0015631778
-0.0004644049
0.0008835000
0.0019779834
0.0004779353
-0.0010708836
-0.0013411328
-0.0002092107
0.0013454913
0.0012238806
0.0001196334
-0.0005033909
-0.0001771171
0.0002072792
-0.0007229581
-0.0013653167
-0.0003315914
0.0004091588
0.0002443049
-0.0008399811
-0.0013025847
-0.0006190114
-0.0003882173
-0.0005548144
-0.0000683123
0.0004768746
0.0006944561
-0.0001392954
-0.0018901985
-0.0016300746
0.0004795993
0.0027712225
0.0028035387
0.0012439383
0.0000548670
0.0003225981
0.0025445431
0.0026414962
0.0004974987
-0.0009633919
-0.0000874576
0.0022152166
0.0022321508
-0.0002720408
-0.0010841142
0.0007412722
0.0022955780
0.0023532984
0.0018468349
0.0016347333
0.0011790873
0.0005642993
0.0010299680
0.0025903060
0.0036934575
0.0027173722
0.0009862193
0.0006703519
0.0010060888
0.0014444538
0.0008256013
0.0000918006
0.0000631606
0.0000344280
0.0008376039
0.0010733497
-0.0000242821
-0.0012739692
-0.0013495454
0.0000648791
0.0014461251
0.0011347737
-0.0008299305
-0.0018256241
-0.0010740543
0.0006580368
0.0020474158
0.0014246863
0.0003247278
0.0006630674
0.0013635899
0.0005537201
-0.0013353672
-0.0023603229
-0.0016789193
-0.0012909555
-0.0012130265
-0.0014548588
-0.0015059848
0.0001141823
0.0015787977
0.0009403637
-0.0018769026
-0.0022820954
0.0009322471
0.0029495801
0.0020055586
0.0004394928
0.0000299363
0.0007729153
0.0019487464
0.0024886289
0.0016963670
0.0007520906
0.0002674993
0.0004781162
0.0014411038
0.0014278219
0.0003031325
-0.0011105351
-0.0007926033
-0.0001612798
-0.0006353532
-0.0009035702
-0.0007114136
-0.0009906411
-0.0013718868
-0.0011707459
-0.0005261747
0.0008564548
0.0017908112
0.0008479538
-0.0003966145
0.0003138517
0.0011378479
0.0005933989
-0.0003823030
-0.0007697040
-0.0002039249
0.0000081120
-0.0005496164
-0.0010611348
-0.0008334707
0.0000418082
0.0001879053
0.0001657655
-0.0005708428
-0.0010300305
-0.0004275157
0.0000127246
0.0003067079
-0.0002373555
-0.0001169174
-0.0001021062
-0.0000722399
0.0001749931
-0.0006479140
-0.0008602209
0.0002185434
0.0009018869
0.0001238235
-0.0008553153
-0.0014255997
-0.0009159102
-0.0003264898
0.0000147666
-0.0011499633
-0.0015354565
0.0004728029
0.0011909029
-0.0004952376
-0.0017936080
-0.0002696254
0.0028805226
0.0033903590
0.0007367145
-0.0019338488
-0.0020996787
0.0005140675
0.0017900778
0.0001544660
-0.0018803984
-0.0016454619
-0.0001825596
0.0008649229
0.0003866263
-0.0014323912
-0.0023574311
-0.0011954685
-0.0004440660
-0.0019497162
-0.0035839873
-0.0032035700
-0.0011136477
0.0006679930
0.0007734593
-0.0001916028
-0.0005896633
-0.0002299670
0.0007904282
0.0015122241
0.0013240728
0.0009613413
0.0003645845
-0.0004679780
-0.0008217504
0.0004794261
0.0015924873
0.0007426090
-0.0010020272
-0.0019873748
-0.0009459466
-0.0000690053
0.0000364323
-0.0001319685
-0.0007709133
-0.0004606217
0.0006231980
0.0013843931
0.0010563399
0.0002136047
0.0002512872
0.0003644356
-0.0007339673
-0.0009650621
-0.0003180272
0.0009525129
0.0008771174
-0.0004371042
-0.0013974296
-0.0011243205
0.0003644313
0.0016078919
0.0012593721
-0.0005053350
-0.0012248125
-0.0010188863
0.0007289426
0.0017332628
0.0003026278
-0.0012360365
-0.0011320026
-0.0000722525
-0.0003661607
-0.0008755415
-0.0004033151
0.0007807430
0.0019839686
0.0008623689
-0.0012332756
-0.0016206205
-0.0007390046
-0.0002174453
-0.0006288037
-0.0011621058
-0.0011004732
0.0002442633
0.0021368496
0.0024708250
0.0021176968
0.0010226542
-0.0003997360
-0.0015778066
-0.0011840128
0.0009037430
0.0021055460
0.0014283420
0.0001644312
-0.0000202251
0.0003054996
0.0014413786
0.0018277197
0.0011354379
0.0003312769
0.0010595810
0.0019563892
0.0020446153
0.0022096639
0.0011558915
0.0011627136
0.0012122674
0.0009061004
0.0012608124
0.0012936975
0.0004110974
-0.0009478833
-0.0008818005
-0.0001781590
0.0012944046
0.0020364651
0.0003053210
-0.0016642057
-0.0024611455
-0.0014260487
-0.0001630386
-0.0001026802
0.0004739869
0.0006717188
0.0003237132
-0.0005378518
-0.0006698315
0.0001117942
0.0013795136
0.0024896285
0.0013782677
0.0000210871
0.0000553283
0.0009691302
0.0010678108
0.0005075947
-0.0003015667
-0.0005658877
-0.0003621230
0.0003578127
0.0010878287
0.0001564575
-0.0009934065
-0.0010272819
0.0001452606
0.0018666220
0.0020797292
0.0006294222
-0.0003567345
0.0000947796
0.0003461571
0.0007355020
0.0012383716
0.0010907733
-0.0004300280
-0.0016514396
-0.0007237494
0.0007859916
0.0010639987
0.0001237206
0.0004163039
0.0013711970
0.0020178511
0.0006392275
-0.0013563429
-0.0016019087
-0.0001193680
0.0014144989
0.0006236011
-0.0007981533
-0.0010963133
-0.0008624893
-0.0013244936
-0.0012944707
-0.0011305146
-0.0007787026
-0.0003390537
-0.0007789304
-0.0011689305
-0.0015464982
-0.0016044538
-0.0006871121
-0.0002498017
-0.0004821214
-0.0012625723
-0.0021677690
-0.0014790072
-0.0006525473
-0.0005568492
-0.0011592539
-0.0015007300
-0.0014467199
-0.0010852868
-0.0002841547
0.0000935892
-0.0016007556
-0.0026127852
-0.0013481971
0.0002483006
0.0007705071
-0.0011017011
-0.0021864262
-0.0016678867
-0.0005305510
-0.0005584104
-0.0008980849
-0.0006835302
-0.0003454413
-0.0000014275
-0.0004626306
-0.0003414271
-0.0000606292
-0.0001042492
-0.0004049094
-0.0010639422
-0.0022865763
-0.0021872848
-0.0006762460
0.0006988514
0.0005414545
-0.0011705942
-0.0022766294
-0.0010598243
0.0005426000
0.0003449595
-0.0008208081
-0.0024072460
-0.0023538084
-0.0004780748
0.0006130560
0.0001390613
-0.0005483181
-0.0012153394
-0.0015528180
-0.0015498750
-0.0013643752
-0.0013256597
-0.0016054330
-0.0011716693
-0.0007562676
-0.0009546868
-0.0015915988
-0.0012171896
0.0002939983
0.0008815217
0.0003209658
-0.0002185783
-0.0001526376
0.0003179650
0.0009153803
0.0004997777
-0.0009412569
-0.0016744705
-0.0010437171
0.0006401694
0.0016603274
0.0019561823
0.0015059801
0.0003851501
0.0001418229
0.0005441460
0.0016760816
0.0024511692
0.0017872591
0.0002626758
-0.0006689107
-0.0004341394
0.0014938105
0.0026831983
0.0014586976
0.0003015574
-0.0004114329
0.0005060068
0.0024021802
0.0023401477
0.0004338931
-0.0005134152
-0.0002045866
0.0008662493
0.0006022287
-0.0002596501
-0.0007461846
-0.0004240035
0.0007173078
0.0007236832
0.0009319963
0.0013474679
0.0010019398
-0.0006517123
-0.0024477656
-0.0016446966
0.0009572400
0.0015129122
0.0002592566
-0.0017078703
-0.0021641650
-0.0005928555
0.0007478643
0.0010110606
0.0001856134
-0.0008630608
-0.0008216987
0.0007207735
0.0019983381
0.0013840706
-0.0001347054
-0.0009686414
-0.0001354927
0.0018186679
0.0022298303
0.0006107885
-0.0009157264
-0.0006602140
-0.0001162385
0.0001634353
0.0002338687
0.0006934069
0.0008939138
0.0000724415
-0.0013180937
-0.0012503870
0.0003656029
0.0004579355
-0.0009110233
-0.0023171862
-0.0014959575
-0.0003502416
-0.0001710783
-0.0007186325
-0.0008083093
-0.0002908143
-0.0006612983
-0.0002095243
0.0001896362
0.0000634349
-0.0002293635
-0.0002568303
0.0001143282
0.0012723144
0.0013292502
-0.0005618012
-0.0014836629
-0.0007022388
0.0005514367
0.0002095418
-0.0011887926
-0.0028115248
-0.0030272419
-0.0017771827
-0.0005740357
-0.0008267459
-0.0025572056
-0.0032346799
-0.0023931820
-0.0020369337
-0.0022977679
-0.0027979210
-0.0036562018
-0.0034219102
-0.0023546948
-0.0007930999
-0.0002085864
-0.0000471813
-0.0001174048
-0.0008680229
-0.0009033517
-0.0005160913
-0.0003967946
-0.0000126133
0.0007423556
0.0002105816
-0.0012636009
-0.0018816898
-0.0005711325
0.0010075405
0.0015961988
0.0006190112
-0.0001861107
0.0002256841
0.0014762461
0.0013904228
-0.0002509816
-0.0003053617
0.0003910486
0.0006993265
0.0007047927
0.0010898679
0.0005104158
-0.0003730476
-0.0009994509
-0.0003233126
0.0014735318
0.0013444477
-0.0006531571
-0.0024147943
-0.0014062279
0.0003315802
0.0010050700
-0.0004546601
-0.0017621881
-0.0015912960
-0.0010246786
-0.0005719631
-0.0002104232
0.0010624500
0.0010698230
0.0000699756
-0.0006898722
-0.0007092776
-0.0006284586
0.0002158186
0.0009924649
0.0005462931
0.0009007125
0.0009723647
0.0010187064
0.0011687199
0.0005252316
0.0002162563
0.0006035702
0.0010897892
0.0009911361
-0.0001362367
-0.0008128961
-0.0003267194
0.0004341927
0.0005101472
0.0004737737
0.0006030337
0.0004821945
0.0002817332
0.0001015155
0.0009559387
0.0009278298
0.0012136869
0.0014828788
0.0014431905
0.0012718666
0.0014266233
0.0023424002
0.0027415178
0.0029724087
0.0014908326
0.0007324323
0.0010025824
0.0017772310
0.0016916791
0.0005340822
0.0003941510
0.0016286166
0.0021111390
0.0005675990
-0.0002650326
-0.0001077994
0.0007037285
0.0012363486
0.0007485386
-0.0001525323
-0.0010048910
-0.0014791144
-0.0015705875
-0.0007616611
0.0002480405
0.0002642241
-0.0002918552
-0.0004877588
-0.0003703481
-0.0000898448
0.0002229751
-0.0006325764
-0.0010456860
-0.0009926063
-0.0007413772
-0.0008637896
-0.0008921019
-0.0001397907
0.0008263415
0.0000553606
-0.0009171200
-0.0005408691
-0.0008422713
-0.0003693904
0.0002111507
0.0003636395
0.0001686401
-0.0001859254
-0.0002724211
0.0007517777
0.0021916707
0.0015355649
-0.0005725041
-0.0009802170
0.0002776572
0.0009075191
