0.0000000000
0.0000000000
0.0000000000
0.0000000000
0.0000000000
0.0000000000
0.0000000000
0.0000000000
0.0000000000
0.0000000000
0.0000000000
0.0000000000
0.0000000000
0.0000000000
-0.0000000000
-0.0000000000
-0.0000000000
0.0000000000
-0.0000000000
0.0000000000
-0.0000000000
0.0000000000
0.0000000000
0.0000000000
0.0000610352
0.0000610352
0.0000610352
-0.0000000000
0.0000000000
0.0000610352
0.0000610352
0.0000610352
-0.0000000000
-0.0000000000
-0.0000000000
0.0000610352
0.0001220703
0.0000610352
-0.0000610352
-0.0001831055
-0.0002441406
-0.0000610352
0.0000610352
0.0000610352
0.0000610352
-0.0000000000
-0.0001831055
-0.0001831055
-0.0000610352
0.0000610352
0.0002441406
-0.0000610352
-0.0003662109
-0.0001831055
0.0003051758
0.0003051758
-0.0001831055
-0.0008544922
-0.0006713867
-0.0000610352
0.0001831055
-0.0000000000
-0.0004882812
-0.0008544922
-0.0006713867
0.0000610352
0.0004272461
0.0001220703
-0.0004272461
-0.0005493164
0.0001220703
0.0006103516
0.0004272461
0.0001220703
0.0001220703
0.0003051758
0.0005493164
0.0006713867
0.0006713867
0.0010375977
0.0012817383
0.0009155273
0.0003051758
-0.0000000000
0.0003662109
0.0007324219
0.0003051758
-0.0001831055
0.0000610352
0.0006713867
0.0007934570
0.0007934570
0.0004272461
-0.0000610352
-0.0000000000
0.0004272461
0.0005493164
0.0003662109
-0.0000000000
0.0001831055
0.0005493164
0.0003051758
-0.0000000000
-0.0001831055
0.0001220703
0.0005493164
0.0010375977
0.0013427734
0.0009155273
0.0003662109
-0.0000000000
-0.0002441406
-0.0001831055
-0.0001831055
-0.0000610352
-0.0000610352
-0.0001831055
-0.0004272461
-0.0003051758
-0.0000000000
-0.0000000000
-0.0001831055
-0.0000000000
-0.0001831055
-0.0000610352
0.0010375977
0.0015258789
0.0010375977
0.0001831055
0.0001831055
0.0002441406
0.0006713867
0.0010375977
0.0006103516
0.0000000000
-0.0004882812
-0.0000000000
0.0003051758
-0.0000000000
-0.0012207031
-0.0024414062
-0.0020141602
0.0000610352
0.0015258789
0.0007934570
-0.0012207031
-0.0015258789
-0.0004882812
0.0009155273
0.0018310547
0.0003662109
-0.0003051758
-0.0005493164
0.0003051758
0.0013427734
0.0012817383
0.0000000000
-0.0010986328
-0.0009155273
-0.0007934570
-0.0000610352
0.0002441406
-0.0007934570
-0.0014648438
-0.0007934570
-0.0010375977
-0.0004882812
-0.0001220703
-0.0002441406
-0.0009155273
-0.0014038086
0.0000610352
0.0015258789
0.0014038086
-0.0001831055
-0.0019531250
-0.0020751953
-0.0010375977
-0.0006713867
-0.0012207031
-0.0031738281
-0.0034179688
-0.0009155273
0.0014038086
0.0011596680
-0.0013427734
-0.0022583008
-0.0007934570
0.0011596680
0.0009765625
-0.0003051758
-0.0007324219
-0.0003051758
0.0007324219
0.0011596680
0.0004272461
-0.0005493164
0.0000000000
0.0023193359
0.0038452148
0.0023803711
-0.0001831055
-0.0016479492
-0.0011596680
0.0001831055
0.0001831055
-0.0009765625
-0.0012207031
-0.0009155273
-0.0010986328
-0.0017700195
-0.0015869141
-0.0003051758
0.0003051758
-0.0001220703
-0.0011596680
-0.0007324219
0.0000000000
-0.0004882812
-0.0003051758
0.0009765625
0.0010375977
-0.0009155273
-0.0017700195
-0.0000610352
0.0015869141
0.0001831055
-0.0009155273
-0.0001831055
0.0003051758
-0.0000610352
-0.0023193359
-0.0028686523
-0.0005493164
0.0009765625
0.0004272461
-0.0010375977
-0.0009765625
0.0001831055
0.0006103516
-0.0001831055
-0.0011596680
-0.0016479492
-0.0006103516
0.0007324219
0.0006713867
-0.0006713867
-0.0011596680
-0.0005493164
-0.0003662109
-0.0007324219
-0.0018920898
-0.0032348633
-0.0036010742
-0.0021972656
-0.0018310547
-0.0026855469
-0.0018310547
-0.0005493164
-0.0011596680
-0.0018920898
-0.0010375977
-0.0001831055
-0.0005493164
-0.0012817383
-0.0009765625
0.0001831055
0.0021972656
0.0031127930
0.0020141602
0.0000610352
-0.0004882812
0.0004882812
0.0011596680
-0.0000000000
-0.0014648438
-0.0015258789
-0.0000610352
0.0013427734
0.0007934570
-0.0009765625
-0.0022583008
-0.0025024414
-0.0007934570
0.0013427734
0.0015258789
0.0007324219
0.0000610352
-0.0009155273
-0.0005493164
0.0004272461
0.0005493164
0.0006713867
0.0007934570
0.0001831055
-0.0000610352
-0.0000000000
0.0010375977
0.0012817383
0.0001220703
-0.0007934570
-0.0012817383
-0.0010375977
-0.0003051758
0.0001831055
-0.0004272461
-0.0007324219
-0.0009765625
-0.0004882812
0.0003051758
0.0002441406
-0.0010375977
-0.0020751953
-0.0003662109
0.0024414062
0.0029907227
0.0001220703
-0.0024414062
-0.0022583008
-0.0008544922
-0.0008544922
-0.0018920898
-0.0024414062
-0.0010986328
0.0000000000
0.0004882812
0.0001831055
0.0001831055
0.0000610352
-0.0005493164
0.0000000000
0.0007324219
-0.0001831055
-0.0018920898
-0.0021362305
-0.0001831055
0.0018310547
0.0015258789
-0.0005493164
-0.0023803711
-0.0022583008
-0.0007934570
-0.0006103516
-0.0010375977
-0.0013427734
-0.0015258789
-0.0014038086
-0.0009765625
-0.0004882812
0.0001831055
0.0007934570
0.0012817383
0.0017089844
0.0010986328
0.0004272461
0.0005493164
0.0023803711
0.0030517578
0.0019531250
0.0009155273
0.0003662109
0.0006713867
0.0018920898
0.0024414062
0.0009765625
-0.0009155273
-0.0023803711
-0.0023803711
-0.0010375977
-0.0000000000
0.0015869141
0.0016479492
-0.0003051758
-0.0012817383
-0.0010375977
0.0005493164
0.0015258789
0.0007934570
-0.0002441406
-0.0004882812
0.0000610352
-0.0000000000
-0.0011596680
-0.0010375977
0.0000610352
0.0004272461
-0.0001220703
-0.0011596680
-0.0010375977
-0.0004272461
-0.0005493164
-0.0004882812
0.0001831055
0.0006103516
0.0005493164
-0.0009765625
-0.0021362305
-0.0009155273
0.0015258789
0.0031127930
0.0021362305
0.0006713867
-0.0001220703
0.0011596680
0.0029907227
0.0018310547
-0.0003051758
-0.0009765625
0.0007934570
0.0026245117
0.0013427734
-0.0009765625
-0.0005493164
0.0014648438
0.0024414062
0.0021362305
0.0017700195
0.0015258789
0.0008544922
0.0005493164
0.0015869141
0.0032348633
0.0036010742
0.0018920898
0.0006713867
0.0007934570
0.0012817383
0.0014038086
0.0004272461
0.0000610352
0.0000000000
0.0003051758
0.0011596680
0.0007934570
-0.0005493164
-0.0015258789
-0.0009155273
0.0007324219
0.0015869141
0.0004272461
-0.0014648438
-0.0016479492
-0.0004272461
0.0014038086
0.0020751953
0.0009155273
0.0003051758
0.0010375977
0.0012207031
-0.0001831055
-0.0019531250
-0.0021362305
-0.0014038086
-0.0013427734
-0.0012817383
-0.0016479492
-0.0009765625
0.0008544922
0.0016479492
-0.0001220703
-0.0026245117
-0.0012207031
0.0020751953
0.0028076172
0.0012817383
0.0000610352
0.0001831055
0.0012207031
0.0023193359
0.0023193359
0.0012817383
0.0005493164
0.0001831055
0.0008544922
0.0016479492
0.0011596680
-0.0003051758
-0.0012207031
-0.0004272461
-0.0003051758
-0.0007934570
-0.0007934570
-0.0007324219
-0.0012207031
-0.0013427734
-0.0009765625
-0.0000000000
0.0014038086
0.0016479492
0.0001831055
-0.0003051758
0.0007934570
0.0010375977
0.0001831055
-0.0006713867
-0.0006103516
0.0000000000
-0.0001831055
-0.0007934570
-0.0010986328
-0.0004272461
0.0001831055
0.0001831055
0.0000000000
-0.0009155273
-0.0007934570
-0.0002441406
0.0001831055
0.0001220703
-0.0003051758
0.0000000000
-0.0001831055
0.0001220703
-0.0000610352
-0.0009155273
-0.0004882813
0.0006713867
0.0006713867
-0.0003051758
-0.0011596680
-0.0012817383
-0.0006713867
-0.0001831055
-0.0003051758
-0.0016479492
-0.0007934570
0.0010986328
0.0006713867
-0.0012817383
-0.0015258789
0.0010375977
0.0036010742
0.0025024414
-0.0004882812
-0.0024414062
-0.0011596680
0.0014038086
0.0014038086
-0.0007934570
-0.0020141602
-0.0010375977
0.0003662109
0.0009155273
-0.0002441406
-0.0020141602
-0.0020751953
-0.0006713867
-0.0008544922
-0.0027465820
-0.0037231445
-0.0025024414
-0.0003051758
0.0009155273
0.0004272461
-0.0004272461
-0.0005493164
0.0000610352
0.0011596680
0.0015258789
0.0012207031
0.0007324219
0.0000000000
-0.0007934570
-0.0004882812
0.0011596680
0.0014648438
0.0000610352
-0.0016479492
-0.0017700195
-0.0004272461
-0.0000000000
0.0000610352
-0.0003662109
-0.0007934570
-0.0000610352
0.0009765625
0.0014038086
0.0007324219
0.0001220703
0.0004272461
-0.0000610352
-0.0010375977
-0.0007934570
0.0001831055
0.0012207031
0.0003662109
-0.0009155273
-0.0015258789
-0.0005493164
0.0009765625
0.0017700195
0.0005493164
-0.0009155273
-0.0012817383
-0.0004882812
0.0014038086
0.0013427734
-0.0004272461
-0.0014038086
-0.0006713867
-0.0000000000
-0.0006713867
-0.0007324219
0.0000000000
0.0014038086
0.0018310547
-0.0001220703
-0.0016479492
-0.0013427734
-0.0004272461
-0.0003051758
-0.0008544922
-0.0012207031
-0.0007934570
0.0010375977
0.0024414062
0.0023803711
0.0018310547
0.0004272461
-0.0009765625
-0.0017700195
-0.0004272461
0.0015869141
0.0020141602
0.0007934570
-0.0000610352
-0.0000000000
0.0007324219
0.0017700195
0.0016479492
0.0007324219
0.0003662109
0.0015258789
0.0019531250
0.0022583008
0.0018920898
0.0009765625
0.0012817383
0.0009765625
0.0010375977
0.0014038086
0.0011596680
-0.0001831055
-0.0010986328
-0.0006103516
0.0003051758
0.0018920898
0.0015869141
-0.0005493164
-0.0021362305
-0.0022583008
-0.0007934570
-0.0001220703
0.0000610352
0.0006713867
0.0005493164
-0.0000000000
-0.0007934570
-0.0003662109
0.0005493164
0.0020141602
0.0022583008
0.0006713867
-0.0001831055
0.0004272461
0.0011596680
0.0009155273
0.0001831055
-0.0005493164
-0.0005493164
-0.0001831055
0.0007934570
0.0009155273
-0.0003662109
-0.0011596680
-0.0007324219
0.0008544922
0.0022583008
0.0016479492
0.0000610352
-0.0003051758
0.0002441406
0.0004272461
0.0009765625
0.0012817383
0.0006103516
-0.0011596680
-0.0014648438
-0.0000610352
0.0011596680
0.0006713867
0.0000610352
0.0007934570
0.0017700195
0.0017700195
-0.0002441406
-0.0016479492
-0.0011596680
0.0006713867
0.0013427734
-0.0000000000
-0.0010375977
-0.0009155273
-0.0009765625
-0.0014038086
-0.0011596680
-0.0010375977
-0.0004882812
-0.0004272461
-0.0009765625
-0.0012817383
-0.0016479492
-0.0012817383
-0.0003662109
-0.0003051758
-0.0006713867
-0.0017700195
-0.0020751953
-0.0010375977
-0.0004882812
-0.0007324219
-0.0014038086
-0.0015258789
-0.0013427734
-0.0007934570
0.0000610352
-0.0003662109
-0.0023193359
-0.0022583008
-0.0007324219
0.0007324219
0.0001831055
-0.0017700195
-0.0021362305
-0.0012207031
-0.0003662109
-0.0007934570
-0.0007934570
-0.0005493164
-0.0001220703
-0.0001831055
-0.0005493164
-0.0001831055
0.0000000000
-0.0001831055
-0.0006103516
-0.0015869141
-0.0025024414
-0.0016479492
0.0000000000
0.0009155273
-0.0000610352
-0.0018310547
-0.0020751953
-0.0002441406
0.0006713867
0.0000000000
-0.0014648438
-0.0026855469
-0.0017089844
0.0001831055
0.0005493164
-0.0001220703
-0.0007934570
-0.0014038086
-0.0015869141
-0.0015258789
-0.0012817383
-0.0014648438
-0.0015258789
-0.0009765625
-0.0007934570
-0.0012207031
-0.0016479492
-0.0006103516
0.0007324219
0.0007324219
-0.0000000000
-0.0003051758
-0.0000610352
0.0005493164
0.0009155273
-0.0000610352
-0.0014038086
-0.0016479492
-0.0004882812
0.0011596680
0.0018310547
0.0019531250
0.0010375977
0.0001220703
0.0001831055
0.0009155273
0.0021362305
0.0023803711
0.0011596680
-0.0003051758
-0.0007934570
0.0001831055
0.0023193359
0.0023803711
0.0009155273
-0.0000610352
-0.0003051758
0.0013427734
0.0027465820
0.0016479492
-0.0001220703
-0.0005493164
0.0001831055
0.0009765625
0.0002441406
-0.0003662109
-0.0007934570
0.0000610352
0.0007934570
0.0007324219
0.0012207031
0.0014038086
0.0004882812
-0.0015258789
-0.0025634766
-0.0005493164
0.0015258789
0.0011596680
-0.0005493164
-0.0022583008
-0.0016479492
0.0000610352
0.0010375977
0.0007934570
-0.0003051758
-0.0010986328
-0.0003662109
0.0014038086
0.0020141602
0.0007934570
-0.0006103516
-0.0009155273
0.0006103516
0.0022583008
0.0017700195
-0.0001220703
-0.0009765625
-0.0004272461
0.0000000000
0.0002441406
0.0004272461
0.0009155273
0.0006713867
-0.0004882813
-0.0015869141
-0.0005493164
0.0006713867
0.0000610352
-0.0016479492
-0.0022583008
-0.0009155273
-0.0001831055
-0.0003051758
-0.0009155273
-0.0005493164
-0.0004272461
-0.0006103516
0.0000610352
0.0001831055
-0.0000610352
-0.0003051758
-0.0001831055
0.0005493164
0.0016479492
0.0006713867
-0.0011596680
-0.0013427734
-0.0000610352
0.0006713867
-0.0002441406
-0.0018310547
-0.0031127930
-0.0025634766
-0.0011596680
-0.0003662109
-0.0014038086
-0.0030517578
-0.0029907227
-0.0021362305
-0.0021362305
-0.0023803711
-0.0031738281
-0.0037231445
-0.0031127930
-0.0017700195
-0.0004272461
-0.0001831055
0.0000610352
-0.0004272461
-0.0010375977
-0.0007934570
-0.0004882812
-0.0003662109
0.0003051758
0.0006713867
-0.0004272461
-0.0017700195
-0.0015258789
0.0001220703
0.0014038086
0.0013427734
0.0001220703
-0.0001831055
0.0006713867
0.0017700195
0.0007324219
-0.0004882812
-0.0000610352
0.0005493164
0.0006713867
0.0009155273
0.0010375977
0.0001220703
-0.0006713867
-0.0009765625
0.0004882812
0.0017700195
0.0007324219
-0.0015869141
-0.0023193359
-0.0006713867
0.0007934570
0.0006713867
-0.0011596680
-0.0017700195
-0.0014038086
-0.0007934570
-0.0005493164
0.0003051758
0.0012817383
0.0006713867
-0.0003662109
-0.0007934570
-0.0006713867
-0.0004272461
0.0006713867
0.0007934570
0.0005493164
0.0010375977
0.0009155273
0.0011596680
0.0009765625
0.0003051758
0.0003051758
0.0007934570
0.0011596680
0.0006103516
-0.0005493164
-0.0007324219
-0.0000000000
0.0005493164
0.0004272461
0.0005493164
0.0005493164
0.0004272461
0.0000610352
0.0003662109
0.0010375977
0.0009155273
0.0014038086
0.0014038086
0.0014038086
0.0011596680
0.0018310547
0.0025024414
0.0029296875
0.0025024414
0.0009765625
0.0007934570
0.0012817383
0.0019531250
0.0012207031
0.0003051758
0.0007934570
0.0021362305
0.0016479492
0.0001220703
-0.0002441406
0.0001831055
0.0010375977
0.0011596680
0.0004272461
-0.0004882812
-0.0012207031
-0.0015869141
-0.0013427734
-0.0002441406
0.0004272461
0.0000610352
-0.0004272461
-0.0004272461
-0.0003051758
0.0001220703
0.0000000000
-0.0009155273
-0.0010375977
-0.0009155273
-0.0007324219
-0.0009765625
-0.0006713867
0.0003051758
0.0007934570
-0.0005493164
-0.0007934570
-0.0006713867
-0.0007934570
-0.0000610352
0.0003051758
0.0003051758
0.0000000000
-0.0003051758
-0.0000610352
0.0014038086
0.0022583008
0.0006713867
-0.0010375977
-0.0005493164
