0.0000000000
0.0000000000
0.0000000000
0.0000000000
0.0000000000
0.0000000000
0.0000000000
0.0000000000
0.0000000000
0.0000000000
0.0000000000
0.0000000000
0.0000000000
0.0000000000
0.0000006250
-0.0000000790
0.0000007270
-0.0000008405
0.0000009980
-0.0000006077
0.0000015455
-0.0000017017
0.0000042906
0.0000643938
0.0000599857
0.0000599937
-0.0000061183
0.0000073747
0.0000612031
0.0000612840
0.0000554876
-0.0000025034
0.0000007955
0.0000022126
0.0000696402
0.0001213817
0.0000484726
-0.0000721044
-0.0001953223
-0.0002356513
-0.0000402948
0.0000605153
0.0000594338
0.0000597920
-0.0000102712
-0.0001967874
-0.0001717759
-0.0000625057
0.0000841061
0.0002378535
-0.0000982569
-0.0003744155
-0.0001421548
0.0003270135
0.0002762295
-0.0002473669
-0.0008832456
-0.0006110177
-0.0000252810
0.0001848045
-0.0000369211
-0.0005308984
-0.0008655463
-0.0006148716
0.0001251389
0.0004222753
0.0000770054
-0.0004648832
-0.0005056409
0.0002008539
0.0006223159
0.0003959025
0.0001083358
0.0001384058
0.0003326933
0.0005762493
0.0006660249
0.0006851881
0.0010821051
0.0012794868
0.0008655837
0.0002577925
0.0000026188
0.0004190145
0.0007252512
0.0002481834
-0.0001966447
0.0001190912
0.0007001261
0.0007943916
0.0007788926
0.0003694000
-0.0000862296
0.0000338886
0.0004595048
0.0005427621
0.0003393720
-0.0000122233
0.0002362341
0.0005465983
0.0002695884
-0.0000308887
-0.0001806758
0.0001634782
0.0005887200
0.0010847189
0.0013296007
0.0008509232
0.0003288641
-0.0000329376
-0.0002485590
-0.0001836596
-0.0001766053
-0.0000549521
-0.0000639445
-0.0001982540
-0.0004334614
-0.0002770106
0.0000105625
-0.0000184088
-0.0001825764
0.0000200658
-0.0002127435
0.0000233232
0.0011230394
0.0015186706
0.0009536960
0.0001464411
0.0002021559
0.0002409783
0.0007234419
0.0010130090
0.0005712879
-0.0000624033
-0.0004772356
0.0000415658
0.0002939062
-0.0000790467
-0.0013544407
-0.0024811155
-0.0018748228
0.0002628466
0.0015455747
0.0006277970
-0.0013550850
-0.0014349366
-0.0003963944
0.0010727398
0.0017595749
0.0002370608
-0.0003164328
-0.0005283066
0.0004337626
0.0013678567
0.0012114151
-0.0001650053
-0.0010973466
-0.0009055090
-0.0007505024
-0.0000079616
0.0001942382
-0.0009137881
-0.0014117238
-0.0007686140
-0.0010571503
-0.0004271156
-0.0001457821
-0.0002617992
-0.0010146253
-0.0013467235
0.0002157873
0.0015781525
0.0013073863
-0.0003480706
-0.0020518239
-0.0020005347
-0.0009714698
-0.0006716086
-0.0013454797
-0.0033334644
-0.0032589299
-0.0006523511
0.0015173404
0.0009698019
-0.0015390035
-0.0022019203
-0.0005833589
0.0012652957
0.0008770972
-0.0003642033
-0.0007192005
-0.0002094919
0.0008156204
0.0011352890
0.0003145987
-0.0005868390
0.0001615905
0.0025538205
0.0038273779
0.0021296405
-0.0003971078
-0.0016879205
-0.0010312148
0.0002645900
0.0000841069
-0.0010688612
-0.0011886596
-0.0009047482
-0.0011545905
-0.0018318467
-0.0014934362
-0.0002082652
0.0003062968
-0.0002165241
-0.0011950483
-0.0006208250
-0.0000157213
-0.0005246098
-0.0002096201
0.0010850642
0.0009112904
-0.0011015235
-0.0017140030
0.0001665346
0.0015872746
-0.0000106706
-0.0008878662
-0.0001198596
0.0003343622
-0.0001992986
-0.0025236981
-0.0027385103
-0.0003413226
0.0010237194
0.0003005823
-0.0011206934
-0.0009013345
0.0002791254
0.0005757057
-0.0002798205
-0.0012483892
-0.0016322744
-0.0004646695
0.0007891182
0.0005734813
-0.0008065453
-0.0011304660
-0.0005054540
-0.0003723830
-0.0008225701
-0.0020307226
-0.0033351113
-0.0035221786
-0.0020665464
-0.0019181485
-0.0027041190
-0.0016745822
-0.0004976648
-0.0012579758
-0.0018635064
-0.0009320847
-0.0001557675
-0.0006186619
-0.0012778621
-0.0009003981
0.0003439246
0.0023665406
0.0031067652
0.0018477108
-0.0000747609
-0.0004421827
0.0005916968
0.0011214662
-0.0001594996
-0.0015256437
-0.0014353559
0.0001146743
0.0013799671
0.0006283289
-0.0011378518
-0.0023386176
-0.0024254509
-0.0005595384
0.0014530554
0.0014505968
0.0006808363
-0.0000225328
-0.0009438238
-0.0004486654
0.0004665695
0.0005346824
0.0007060469
0.0007631294
0.0001467692
-0.0000719715
0.0000384346
0.0011341976
0.0011918740
0.0000243518
-0.0008570268
-0.0012864748
-0.0010035634
-0.0002335040
0.0001615393
-0.0004655995
-0.0007391272
-0.0009907715
-0.0004123738
0.0003241977
0.0001789648
-0.0012042663
-0.0020442965
-0.0001108139
0.0026434563
0.0028364068
-0.0001901137
-0.0025440873
-0.0021207430
-0.0007801901
-0.0009260385
-0.0019993200
-0.0023801981
-0.0009529990
0.0000582503
0.0004837605
0.0001378695
0.0002121656
0.0000064777
-0.0005527307
0.0000866724
0.0007234364
-0.0003396132
-0.0020001658
-0.0020320035
0.0000425473
0.0019082342
0.0013685137
-0.0007595481
-0.0024752792
-0.0021291521
-0.0006979576
-0.0006457656
-0.0010621735
-0.0013632072
-0.0015154420
-0.0013656389
-0.0009145712
-0.0004398029
0.0002613363
0.0008362968
0.0013594626
0.0017016671
0.0010399356
0.0003966930
0.0006636260
0.0025445534
0.0029790240
0.0018408775
0.0008384192
0.0003583917
0.0007626142
0.0020105032
0.0023683135
0.0007786148
-0.0010784549
-0.0024584307
-0.0022756438
-0.0009429257
0.0001052857
0.0017057773
0.0015022509
-0.0004618080
-0.0013225916
-0.0009508212
0.0007013545
0.0015193987
0.0006889347
-0.0003044812
-0.0004550679
0.0001099760
-0.0000905653
-0.0012461665
-0.0009382467
0.0001402087
0.0004259429
-0.0002305646
-0.0012270416
-0.0009757486
-0.0003938877
-0.0005560812
-0.0004324078
0.0002379741
0.0006348358
0.0004979258
-0.0011408741
-0.0021166583
-0.0007259731
0.0017529119
0.0031391051
0.0019991345
0.0005623380
-0.0001215017
0.0013870375
0.0030249614
0.0016318209
-0.0004470231
-0.0008940359
0.0010408787
0.0026529555
0.0010894436
-0.0010765327
-0.0003630130
0.0016347768
0.0024570442
0.0020808640
0.0017451799
0.0014881691
0.0007974045
0.0005891365
0.0017299335
0.0033419140
0.0035165851
0.0017258073
0.0006452439
0.0008116316
0.0013142928
0.0013376238
0.0003472347
0.0000663796
-0.0000153893
0.0003736281
0.0011783235
0.0006768731
-0.0006776257
-0.0015410077
-0.0007819803
0.0008702544
0.0015718117
0.0002353541
-0.0015739668
-0.0015921752
-0.0002759938
0.0015411077
0.0020088897
0.0007910238
0.0003288112
0.0011191963
0.0011605162
-0.0003606645
-0.0020737933
-0.0020789459
-0.0013610752
-0.0013183129
-0.0012873547
-0.0016724474
-0.0008301754
0.0010018839
0.0016138855
-0.0003947935
-0.0026879516
-0.0008996725
0.0022960173
0.0027289249
0.0011369217
0.0000296294
0.0002597897
0.0013369621
0.0023772060
0.0022394133
0.0011809581
0.0005021301
0.0002004942
0.0009526334
0.0016361646
0.0010433642
-0.0004598252
-0.0011922115
-0.0003486435
-0.0003529368
-0.0008327275
-0.0007798676
-0.0007559083
-0.0012601616
-0.0013247639
-0.0009315984
0.0001218833
0.0015011490
0.0015654186
0.0000479340
-0.0002419309
0.0008834371
0.0009917669
0.0000928443
-0.0007132889
-0.0005538410
0.0000288613
-0.0002347522
-0.0008440615
-0.0010918458
-0.0003427919
0.0001944452
0.0001861245
-0.0000704139
-0.0009762393
-0.0007344384
-0.0002054735
0.0002269837
0.0000647686
-0.0002940730
0.0000021468
-0.0001895632
0.0001569100
-0.0001448321
-0.0009496428
-0.0003929618
0.0007512353
0.0006045395
-0.0003943180
-0.0012313515
-0.0012370611
-0.0006083096
-0.0001211264
-0.0004052908
-0.0017158555
-0.0006030483
0.0011850380
0.0005199019
-0.0014219374
-0.0014049280
0.0013431527
0.0036746271
0.0022573285
-0.0007436623
-0.0024837232
-0.0009109859
0.0015421424
0.0012526506
-0.0010133257
-0.0020144840
-0.0009086294
0.0004676175
0.0008752300
-0.0004299237
-0.0021239619
-0.0019623436
-0.0005736986
-0.0009917993
-0.0029135749
-0.0036964205
-0.0022940262
-0.0001177178
0.0009350208
0.0003236863
-0.0004720209
-0.0005111115
0.0001719394
0.0012409061
0.0014993102
0.0011863262
0.0006893524
-0.0000635537
-0.0008318339
-0.0003697674
0.0012737072
0.0013882763
-0.0000963441
-0.0017491110
-0.0016672664
-0.0003419613
0.0000028171
0.0000466538
-0.0004421508
-0.0007725648
0.0000485071
0.0010611580
0.0013723256
0.0006357408
0.0001161812
0.0004598942
-0.0001622451
-0.0010536761
-0.0007383293
0.0003055207
0.0012207659
0.0002398629
-0.0010026382
-0.0015112028
-0.0004149167
0.0010906190
0.0017503056
0.0003678667
-0.0009850434
-0.0012745878
-0.0003182768
0.0015256112
0.0012092977
-0.0005849978
-0.0014067028
-0.0005580053
-0.0000264020
-0.0007360392
-0.0007009232
0.0000982134
0.0015366606
0.0017467977
-0.0003208455
-0.0016862510
-0.0012530692
-0.0003676988
-0.0003444071
-0.0009143988
-0.0012217724
-0.0006643499
0.0012410724
0.0024743618
0.0023447314
0.0017262037
0.0003003590
-0.0010780237
-0.0017375900
-0.0002191086
0.0017145418
0.0019684729
0.0006771550
-0.0000623343
0.0000231844
0.0008403450
0.0018101339
0.0015830222
0.0006501683
0.0004425564
0.0016339614
0.0019478498
0.0022790785
0.0017707520
0.0009780155
0.0013046729
0.0009430807
0.0010675919
0.0013923969
0.0010697711
-0.0003291806
-0.0010955280
-0.0005555162
0.0004379929
0.0019774187
0.0014154821
-0.0007473924
-0.0022279799
-0.0021649742
-0.0006536570
-0.0001235440
0.0001170564
0.0006942229
0.0005279025
-0.0000766527
-0.0008129238
-0.0003001209
0.0006534134
0.0021403855
0.0021624090
0.0005474271
-0.0001816110
0.0005191669
0.0011652867
0.0008601810
0.0001078868
-0.0005652228
-0.0005219439
-0.0001208510
0.0008736744
0.0008211615
-0.0004875880
-0.0011650564
-0.0006224124
0.0010246703
0.0022790185
0.0014995502
-0.0000430340
-0.0002487209
0.0002705575
0.0004616102
0.0010287549
0.0012841414
0.0004793952
-0.0012921129
-0.0013846709
0.0000775040
0.0011947418
0.0005686570
0.0000856838
0.0008777356
0.0018403719
0.0016407147
-0.0004568160
-0.0016895470
-0.0010314007
0.0008394000
0.0012730955
-0.0001478315
-0.0010815923
-0.0008932552
-0.0010316717
-0.0014070452
-0.0011524843
-0.0010197891
-0.0004439497
-0.0004739805
-0.0010135687
-0.0013225214
-0.0016722562
-0.0011972983
-0.0003229651
-0.0003296778
-0.0007361382
-0.0018647693
-0.0020082929
-0.0009637827
-0.0004824967
-0.0007911905
-0.0014303042
-0.0015174743
-0.0013152722
-0.0007250804
0.0001114756
-0.0005284168
-0.0024368720
-0.0021310998
-0.0005779527
0.0008082640
-0.0000021646
-0.0018804486
-0.0020867901
-0.0010987179
-0.0003618339
-0.0008348675
-0.0007795125
-0.0005317145
-0.0000753541
-0.0002250236
-0.0005325369
-0.0001596901
-0.0000116215
-0.0002115417
-0.0006554135
-0.0017041688
-0.0025036278
-0.0015100107
0.0001268356
0.0009089180
-0.0002231698
-0.0019480638
-0.0019651126
-0.0000808121
0.0006468198
-0.0001094401
-0.0016281879
-0.0026942986
-0.0015242880
0.0002959606
0.0004968461
-0.0001930732
-0.0008622759
-0.0014370712
-0.0015806452
-0.0015056990
-0.0012719692
-0.0014990430
-0.0014787430
-0.0009227320
-0.0007995360
-0.0012841479
-0.0016280778
-0.0004668155
0.0007912007
0.0006839040
-0.0000425542
-0.0002851075
-0.0000055201
0.0006212567
0.0008924437
-0.0001976285
-0.0014706163
-0.0015811427
-0.0003080484
0.0012644017
0.0018539013
0.0019140811
0.0009264672
0.0001119327
0.0002245344
0.0010232954
0.0022143049
0.0023256125
0.0010266827
-0.0003779625
-0.0007777086
0.0003580340
0.0024443079
0.0022526121
0.0008093470
-0.0001376084
-0.0002332026
0.0015270047
0.0027489240
0.0014529250
-0.0002152334
-0.0005193971
0.0003041184
0.0009554702
0.0001374236
-0.0004309486
-0.0007787664
0.0001917650
0.0007932089
0.0007375322
0.0012425951
0.0013697160
0.0003405945
-0.0017038736
-0.0025047162
-0.0002917335
0.0015806921
0.0010491913
-0.0007301316
-0.0023106579
-0.0014957258
0.0001844776
0.0010604714
0.0007174719
-0.0003987710
-0.0010921023
-0.0002135290
0.0015330022
0.0019543659
0.0006426826
-0.0006921597
-0.0008368496
0.0008151435
0.0023117014
0.0016104724
-0.0002904974
-0.0009495039
-0.0003666379
0.0000266489
0.0002307439
0.0004531325
0.0009374386
0.0006012451
-0.0006247872
-0.0016063960
-0.0003921787
0.0006779930
-0.0000630021
-0.0017952851
-0.0021796895
-0.0008003769
-0.0001663375
-0.0003598307
-0.0009342372
-0.0004801589
-0.0004693874
-0.0005670079
0.0000982000
0.0001700243
-0.0000869301
-0.0003038452
-0.0001580838
0.0006495081
0.0016630192
0.0004803318
-0.0012537314
-0.0012821756
0.0000574409
0.0006324377
-0.0003825075
-0.0020022903
-0.0031555277
-0.0024595984
-0.0010568818
-0.0003936924
-0.0015880897
-0.0031300790
-0.0029009904
-0.0020925479
-0.0021672799
-0.0024265216
-0.0032665185
-0.0036976478
-0.0030080386
-0.0016048278
-0.0003639280
-0.0001735988
0.0000622008
-0.0004991311
-0.0010299568
-0.0007385548
-0.0004641924
-0.0003278932
0.0003998577
0.0006474094
-0.0005495502
-0.0018362605
-0.0014036568
0.0002754241
0.0014731375
0.0012551862
0.0000464039
-0.0001428124
0.0007964272
0.0017776888
0.0005540824
-0.0004931626
0.0000183160
0.0005911772
0.0006593610
0.0009497128
0.0009775830
0.0000375708
-0.0007332802
-0.0009345106
0.0006627268
0.0017547712
0.0005434860
-0.0017763068
-0.0022233245
-0.0004995722
0.0008716735
0.0005279685
-0.0013039219
-0.0017539907
-0.0013511704
-0.0007376896
-0.0005305203
0.0004333002
0.0012921677
0.0005878820
-0.0004291031
-0.0007878656
-0.0006711375
-0.0003525043
0.0007702737
0.0007506618
0.0005937236
0.0010454421
0.0009136379
0.0011820979
0.0009101755
0.0002712049
0.0003465411
0.0008468287
0.0011641805
0.0005026875
-0.0006219776
-0.0006857809
0.0000790336
0.0005602055
0.0004226292
0.0005682568
0.0005374332
0.0004231180
0.0000403743
0.0004697392
0.0010359582
0.0009428870
0.0014411078
0.0014068581
0.0013993720
0.0011639401
0.0019278546
0.0025343101
0.0029797561
0.0023597372
0.0008989559
0.0008134644
0.0013557157
0.0019590273
0.0011014042
0.0002788537
0.0009023963
0.0021916292
0.0014768949
0.0000239542
-0.0002449697
0.0002531191
0.0010921876
0.0011096662
0.0003357660
-0.0005793143
-0.0012680461
-0.0016039629
-0.0012790572
-0.0001552562
0.0004226413
0.0000020434
-0.0004521320
-0.0004183889
-0.0002859501
0.0001633752
-0.0000907701
-0.0009576036
-0.0010318852
-0.0008861843
-0.0007380594
-0.0009845618
-0.0006045854
0.0004080550
0.0007274813
-0.0006577350
-0.0007329192
-0.0007011820
-0.0007473788
-0.0000046026
0.0003234137
0.0002953786
-0.0000278111
-0.0003142683
0.0000349232
0.0015577936
0.0022112356
0.0004616868
-0.0010882671
-0.0004212453
0.0007425915
